TimeStamp(s),FrameCounter,AccX,AccY,AccZ,GyrX,GyrY,GyrZ,EulerX,EulerY,EulerZ
0.01,1,-0.039,-0.142,0.8290000000000001,2.0053530000000004,-14.438541599999999,-2.4064236,90.21796668,1.11153852,-50.35727862
0.02,2,-0.037000000000000005,0.064,1.014,-0.6302538000000001,0.3437748,0.0,90.2122371,1.11153852,-50.35727862
0.03,3,-0.039,0.064,1.014,-0.6302538000000001,0.572958,-0.057295800000000015,90.20650752,1.11153852,-50.35154904
0.04,4,-0.039,0.064,1.015,-0.6302538000000001,0.572958,-0.057295800000000015,90.20077794,1.11153852,-50.34581946000001
0.05,5,-0.039,0.065,1.015,-0.5156622000000001,0.5156622000000001,0.0,97.62058404,0.72765666,-48.79883286
0.060000000000000005,6,-0.039,0.065,1.015,-0.286479,0.2291832000000001,0.0,97.61485446,0.72765666,-48.79310328
0.06999999999999999,7,-0.039,0.065,1.0170000000000001,-0.286479,0.0,0.0,97.60912488,0.72765666,-48.79310328
0.08,8,-0.039,0.066,1.015,-0.40107059999999994,0.1718874,0.0,97.60912488,0.72765666,-48.79310328
0.09,9,-0.039,0.065,1.015,-0.4583664000000001,0.286479,-0.057295800000000015,97.6033953,0.72765666,-48.7873737
0.09999999999999999,10,-0.039,0.065,1.014,-0.40107059999999994,0.40107059999999994,0.0,105.6534552,0.4870143000000001,-49.37179086
0.11,11,-0.039,0.066,1.015,-0.40107059999999994,0.3437748,-0.057295800000000015,105.6534552,0.4870143000000001,-49.37179086
0.12,12,-0.039,0.067,1.014,-0.3437748,0.40107059999999994,0.0,105.64772562,0.48128472,-49.36606128
0.13,13,-0.04,0.067,1.015,-0.2291832000000001,0.40107059999999994,0.0,105.64772562,0.48128472,-49.3603317
0.14,14,-0.040999999999999995,0.067,1.013,-0.1718874,0.3437748,0.0,105.64199604,0.48128472,-49.35460212
0.15000000000000002,15,-0.040999999999999995,0.065,1.013,-0.2291832000000001,0.2291832000000001,0.057295800000000015,114.97548186,-0.03437748,-48.79310328
0.16,16,-0.04,0.065,1.013,-0.1718874,0.2291832000000001,0.0,114.97548186,-0.03437748,-48.7873737
0.17,17,-0.04,0.065,1.013,-0.1718874,0.057295800000000015,0.0,114.97548186,-0.03437748,-48.7873737
0.18000000000000002,18,-0.039,0.064,1.014,-0.286479,-0.057295800000000015,-0.11459160000000004,114.96975228,-0.03437748,-48.7873737
0.19,19,-0.04,0.064,1.013,-0.2291832000000001,-0.1718874,0.0,114.96975228,-0.03437748,-48.79310328
0.2,20,-0.039,0.065,1.014,-0.2291832000000001,-0.3437748,-0.11459160000000004,122.4697725,-0.18334656,-49.34314296
0.21000000000000002,21,-0.04,0.064,1.014,-0.11459160000000004,-0.40107059999999994,0.0,122.4697725,-0.18334656,-49.34887254
0.22,22,-0.04,0.063,1.016,-0.1718874,-0.40107059999999994,-0.057295800000000015,122.4697725,-0.18334656,-49.34887254
0.23,23,-0.039,0.062,1.014,-0.2291832000000001,-0.2291832000000001,0.0,122.46404292,-0.17761697999999998,-49.35460212
0.24000000000000002,24,-0.04,0.062,1.016,-0.2291832000000001,-0.2291832000000001,0.0,122.46404292,-0.17761697999999998,-49.35460212
0.25,25,-0.04,0.06,1.015,-0.1718874,-0.11459160000000004,0.0,134.08936074,-0.92819196,-48.74726663999999
0.26,26,-0.039,0.06,1.015,-0.2291832000000001,-0.2291832000000001,0.0,134.08363116,-0.92819196,-48.74726663999999
0.27,27,-0.039,0.061,1.015,-0.1718874,-0.1718874,0.0,134.08363116,-0.92819196,-48.74726663999999
0.28,28,-0.039,0.062,1.016,-0.1718874,-0.1718874,0.0,134.08363116,-0.92246238,-48.74726663999999
0.29000000000000004,29,-0.04,0.062,1.014,-0.1718874,-0.1718874,0.0,134.07790158,-0.92246238,-48.75299622
0.3,30,-0.04,0.061,1.015,-0.2291832000000001,-0.1718874,0.0,139.63559418,-0.9167328,-49.40043876
0.31,31,-0.04,0.061,1.016,-0.286479,-0.3437748,0.0,139.6298646,-0.9167328,-49.40616834
0.32,32,-0.04,0.061,1.016,-0.286479,-0.3437748,0.0,139.62413501999998,-0.91100322,-49.40616834
0.33,33,-0.039,0.061,1.016,-0.40107059999999994,-0.286479,0.0,139.62413501999998,-0.91100322,-49.41189792
0.34,34,-0.039,0.062,1.016,-0.40107059999999994,-0.2291832000000001,0.057295800000000015,139.61840544,-0.91100322,-49.41189792
0.35000000000000003,35,-0.039,0.063,1.015,-0.286479,-0.2291832000000001,0.0,144.07601868,-1.11153852,-49.40043876
0.36000000000000004,36,-0.038,0.064,1.015,-0.286479,-0.11459160000000004,0.0,144.07601868,-1.11153852,-49.40043876
0.37,37,-0.038,0.064,1.015,-0.286479,-0.057295800000000015,0.057295800000000015,144.0702891,-1.11153852,-49.40616834
0.38,38,-0.039,0.064,1.015,-0.2291832000000001,0.0,0.057295800000000015,144.0702891,-1.11153852,-49.40616834
0.39,39,-0.039,0.064,1.015,-0.2291832000000001,0.057295800000000015,0.0,144.0702891,-1.11153852,-49.40616834
0.4,40,-0.039,0.064,1.014,-0.2291832000000001,0.057295800000000015,0.057295800000000015,150.96297384,-1.3349921400000002,-49.59524448000001
0.41000000000000003,41,-0.039,0.064,1.014,-0.11459160000000004,0.057295800000000015,0.057295800000000015,150.96297384,-1.3349921400000002,-49.59524448000001
0.42000000000000004,42,-0.039,0.065,1.013,-0.057295800000000015,0.057295800000000015,0.057295800000000015,150.96297384,-1.3349921400000002,-49.59524448000001
0.43,43,-0.039,0.064,1.015,0.11459160000000004,0.057295800000000015,0.0,150.96297384,-1.3349921400000002,-49.59524448000001
0.44,44,-0.039,0.065,1.015,0.0,0.057295800000000015,0.057295800000000015,150.96297384,-1.34072172,-49.59524448000001
0.45,45,-0.039,0.064,1.015,0.0,0.057295800000000015,0.0,156.2169987,-1.5183387000000002,-49.70410650000001
0.46,46,-0.039,0.065,1.016,0.0,0.2291832000000001,0.0,156.2169987,-1.5183387000000002,-49.70410650000001
0.47000000000000003,47,-0.038,0.065,1.016,0.0,0.2291832000000001,0.057295800000000015,156.2169987,-1.52406828,-49.70410650000001
0.48000000000000004,48,-0.04,0.064,1.016,0.057295800000000015,0.286479,0.0,156.22272827999996,-1.52406828,-49.70410650000001
0.49,49,-0.04,0.064,1.016,0.057295800000000015,0.11459160000000004,0.0,156.22272827999996,-1.52979786,-49.70410650000001
0.5,50,-0.04,0.065,1.015,0.057295800000000015,0.11459160000000004,0.0,161.35643195999995,-1.7475218999999995,-49.75567271999999
0.51,51,-0.04,0.065,1.015,0.0,0.1718874,0.0,161.35643195999995,-1.7475218999999995,-49.75567271999999
0.52,52,-0.039,0.065,1.016,0.057295800000000015,0.2291832000000001,0.0,161.35643195999995,-1.75325148,-49.75567271999999
0.53,53,-0.039,0.064,1.0170000000000001,0.0,0.286479,0.0,161.35643195999995,-1.75325148,-49.74994314
0.54,54,-0.039,0.064,1.015,0.0,0.286479,0.0,161.35643195999995,-1.75898106,-49.74994314
0.55,55,-0.039,0.063,1.015,-0.057295800000000015,0.40107059999999994,0.0,163.24146378,-1.7933585399999998,-49.85307558
0.56,56,-0.04,0.062,1.014,-0.11459160000000004,0.40107059999999994,-0.057295800000000015,163.24146378,-1.7933585399999998,-49.847346
0.5700000000000001,57,-0.04,0.06,1.011,0.0,0.286479,0.0,163.24146378,-1.79908812,-49.847346
0.5800000000000001,58,-0.04,0.062,1.012,0.0,0.2291832000000001,-0.057295800000000015,163.24146378,-1.79908812,-49.847346
0.59,59,-0.042,0.062,1.014,-0.057295800000000015,0.0,0.0,163.24146378,-1.79908812,-49.847346
0.6,60,-0.04,0.062,1.015,-0.2291832000000001,-0.057295800000000015,-0.057295800000000015,165.44735208,-1.85065434,-49.9332897
0.61,61,-0.039,0.062,1.0170000000000001,-0.3437748,-0.1718874,0.0,165.44162250000005,-1.84492476,-49.9332897
0.62,62,-0.04,0.061,1.014,-0.286479,-0.057295800000000015,-0.057295800000000015,165.43589292,-1.84492476,-49.9332897
0.63,63,-0.04,0.061,1.013,0.0,-0.057295800000000015,0.0,165.43589292,-1.84492476,-49.9332897
0.64,64,-0.040999999999999995,0.06,1.015,-0.11459160000000004,-0.11459160000000004,0.0,165.43589292,-1.84492476,-49.9332897
0.65,65,-0.040999999999999995,0.061,1.015,-0.11459160000000004,-0.2291832000000001,0.0,167.19487398,-1.90222056,-49.97339676
0.66,66,-0.040999999999999995,0.06,1.016,-0.057295800000000015,-0.40107059999999994,0.0,167.19487398,-1.89649098,-49.97339676
0.67,67,-0.04,0.061,1.0170000000000001,0.0,-0.6875496,0.0,167.19487398,-1.8907614,-49.97912634000001
0.68,68,-0.04,0.062,1.0170000000000001,0.057295800000000015,-0.8021411999999999,0.057295800000000015,167.19487398,-1.88503182,-49.97912634000001
0.6900000000000001,69,-0.039,0.062,1.016,0.0,-0.572958,0.0,167.19487398,-1.87930224,-49.97912634000001
0.7000000000000001,70,-0.039,0.063,1.015,0.0,-0.5156622000000001,0.0,168.98823252,-1.9194093000000003,-50.04788129999999
0.7100000000000001,71,-0.039,0.063,1.015,0.0,-0.3437748,0.0,168.98823252,-1.91367972,-50.04788129999999
0.72,72,-0.04,0.064,1.012,0.0,-0.286479,0.0,168.98823252,-1.90795014,-50.04788129999999
0.73,73,-0.04,0.064,1.014,0.057295800000000015,-0.1718874,0.0,168.98823252,-1.90795014,-50.04788129999999
0.74,74,-0.04,0.064,1.013,0.11459160000000004,0.0,0.057295800000000015,168.98823252,-1.90795014,-50.04788129999999
0.75,75,-0.039,0.064,1.014,0.11459160000000004,-0.057295800000000015,0.057295800000000015,170.6841882,-1.96524594,-50.08798836
0.76,76,-0.039,0.065,1.014,0.2291832000000001,-0.057295800000000015,0.057295800000000015,170.68991778,-1.96524594,-50.08798836
0.77,77,-0.039,0.064,1.014,0.11459160000000004,-0.11459160000000004,0.0,170.68991778,-1.96524594,-50.08798836
0.78,78,-0.04,0.064,1.013,0.057295800000000015,-0.2291832000000001,0.0,170.68991778,-1.9595163600000003,-50.08798836
0.79,79,-0.039,0.064,1.014,0.057295800000000015,-0.057295800000000015,0.0,170.68991778,-1.9595163600000003,-50.08798836
0.8,80,-0.038,0.065,1.014,0.11459160000000004,-0.057295800000000015,0.0,172.35722556000005,-1.97097552,-50.18539122
0.81,81,-0.04,0.065,1.015,0.1718874,-0.286479,-0.057295800000000015,172.35722556000005,-1.97097552,-50.18539122
0.8200000000000001,82,-0.04,0.064,1.0170000000000001,0.286479,-0.2291832000000001,0.0,172.36295514,-1.96524594,-50.18539122
0.8300000000000001,83,-0.039,0.065,1.016,0.1718874,-0.1718874,-0.057295800000000015,172.36295514,-1.96524594,-50.18539122
0.8400000000000001,84,-0.039,0.063,1.015,0.2291832000000001,0.11459160000000004,0.0,172.36868471999995,-1.96524594,-50.17966163999999
0.85,85,-0.039,0.063,1.016,0.1718874,0.2291832000000001,0.0,173.10207096,-1.98816426,-50.20257996
0.86,86,-0.039,0.063,1.015,0.11459160000000004,0.286479,-0.11459160000000004,173.10780054,-1.98816426,-50.20257996
0.87,87,-0.04,0.062,1.013,0.057295800000000015,0.1718874,-0.057295800000000015,173.10780054,-1.99389384,-50.20257996
0.88,88,-0.04,0.062,1.014,0.1718874,0.11459160000000004,-0.057295800000000015,173.10780054,-1.99389384,-50.19685038
0.89,89,-0.039,0.061,1.014,0.1718874,0.0,-0.11459160000000004,173.10780054,-1.99389384,-50.19685038
0.9,90,-0.039,0.062,1.014,0.11459160000000004,0.11459160000000004,-0.057295800000000015,174.04172208,-2.01681216,-50.22549828
0.91,91,-0.04,0.062,1.014,0.057295800000000015,0.11459160000000004,-0.057295800000000015,174.04172208,-2.01681216,-50.22549828
0.92,92,-0.039,0.062,1.015,0.1718874,0.11459160000000004,-0.057295800000000015,174.04172208,-2.02254174,-50.22549828
0.93,93,-0.039,0.06,1.015,0.11459160000000004,0.11459160000000004,-0.057295800000000015,174.04745166,-2.02254174,-50.22549828
0.9400000000000001,94,-0.039,0.061,1.015,0.0,0.1718874,-0.057295800000000015,174.04745166,-2.02254174,-50.22549828
0.9500000000000001,95,-0.039,0.062,1.015,0.0,0.1718874,-0.057295800000000015,175.36525506,-2.03973048,-50.28852366
0.9600000000000001,96,-0.04,0.061,1.015,0.0,0.3437748,0.0,175.36525506,-2.04546006,-50.28852366
0.97,97,-0.04,0.062,1.014,0.0,0.2291832000000001,0.0,175.36525506,-2.04546006,-50.28852366
0.98,98,-0.04,0.062,1.015,0.057295800000000015,0.2291832000000001,0.0,175.37098464000005,-2.04546006,-50.28852366
0.99,99,-0.04,0.063,1.014,0.057295800000000015,0.1718874,0.0,175.37098464000005,-2.05118964,-50.28852366
1.0,100,-0.04,0.063,1.014,0.057295800000000015,0.2291832000000001,0.0,176.14447794,-2.08556712,-50.29425324
1.01,101,-0.039,0.063,1.014,0.057295800000000015,0.1718874,0.0,176.14447794,-2.08556712,-50.29425324
1.02,102,-0.039,0.064,1.013,0.11459160000000004,0.1718874,0.0,176.14447794,-2.0912967,-50.29425324
1.03,103,-0.040999999999999995,0.065,1.014,0.11459160000000004,0.0,0.0,176.14447794,-2.0912967,-50.29425324
1.04,104,-0.04,0.064,1.014,0.057295800000000015,-0.11459160000000004,0.0,176.14447794,-2.08556712,-50.29425324
1.05,105,-0.04,0.064,1.014,0.11459160000000004,-0.2291832000000001,0.057295800000000015,176.72316552,-2.11421502,-50.29425324
1.06,106,-0.04,0.064,1.015,0.057295800000000015,-0.286479,0.0,176.72316552,-2.11421502,-50.29425324
1.07,107,-0.04,0.065,1.016,0.0,-0.1718874,0.0,176.72316552,-2.10848544,-50.29425324
1.08,108,-0.04,0.063,1.016,0.057295800000000015,-0.1718874,0.0,176.72316552,-2.10848544,-50.29998282
1.09,109,-0.04,0.065,1.016,0.057295800000000015,-0.057295800000000015,0.057295800000000015,176.72316552,-2.10848544,-50.29998282
1.1,110,-0.039,0.064,1.015,0.057295800000000015,-0.11459160000000004,0.057295800000000015,177.5023884,-2.11421502,-50.34008988
1.11,111,-0.038,0.065,1.016,0.11459160000000004,-0.1718874,0.0,177.5023884,-2.10848544,-50.34008988
1.12,112,-0.039,0.065,1.015,0.0,-0.286479,0.0,177.5023884,-2.10848544,-50.34008988
1.1300000000000001,113,-0.039,0.065,1.016,0.0,-0.2291832000000001,0.057295800000000015,177.5023884,-2.10275586,-50.34008988
1.1400000000000001,114,-0.039,0.064,1.016,0.0,-0.1718874,0.0,177.5023884,-2.10275586,-50.34581946000001
1.1500000000000001,115,-0.039,0.063,1.015,0.0,-0.057295800000000015,0.057295800000000015,178.476417,-2.12567418,-50.37446736
1.1600000000000001,116,-0.039,0.064,1.015,0.0,0.0,0.0,178.476417,-2.12567418,-50.37446736
1.17,117,-0.039,0.063,1.015,0.0,0.0,0.0,178.476417,-2.12567418,-50.37446736
1.18,118,-0.039,0.064,1.014,0.0,0.057295800000000015,0.0,178.476417,-2.12567418,-50.37446736
1.19,119,-0.039,0.063,1.011,0.0,-0.057295800000000015,0.0,178.476417,-2.12567418,-50.37446736
1.2,120,-0.038,0.062,1.012,0.0,-0.11459160000000004,0.0,178.9061355,-2.1199446,-50.40311526000001
1.21,121,-0.04,0.063,1.013,0.11459160000000004,-0.2291832000000001,0.057295800000000015,178.9061355,-2.1199446,-50.40311526000001
1.22,122,-0.038,0.063,1.016,0.0,-0.40107059999999994,0.057295800000000015,178.9061355,-2.11421502,-50.40884484
1.23,123,-0.038,0.064,1.018,-0.11459160000000004,-0.286479,0.0,178.9061355,-2.10848544,-50.40884484
1.24,124,-0.039,0.063,1.016,-0.057295800000000015,0.0,0.0,178.9061355,-2.10848544,-50.40311526000001
1.25,125,-0.039,0.062,1.014,0.0,0.286479,0.0,179.2212624,-2.1199446,-50.41457442
1.26,126,-0.039,0.062,1.014,0.0,0.3437748,0.0,179.22699198,-2.12567418,-50.41457442
1.27,127,-0.039,0.061,1.016,-0.11459160000000004,0.2291832000000001,0.0,179.2212624,-2.12567418,-50.420303999999994
1.28,128,-0.039,0.061,1.0170000000000001,-0.057295800000000015,0.0,0.0,179.2212624,-2.12567418,-50.41457442
1.29,129,-0.039,0.061,1.018,0.0,-0.1718874,0.0,179.2212624,-2.12567418,-50.420303999999994
1.3,130,-0.039,0.062,1.018,0.057295800000000015,-0.2291832000000001,0.057295800000000015,179.57649636,-2.12567418,-50.43176316
1.31,131,-0.038,0.064,1.0170000000000001,0.057295800000000015,-0.2291832000000001,0.057295800000000015,179.57649636,-2.12567418,-50.43176316
1.32,132,-0.039,0.063,1.013,-0.057295800000000015,-0.057295800000000015,0.0,179.57649636,-2.12567418,-50.43176316
1.33,133,-0.039,0.065,1.013,0.0,0.0,0.057295800000000015,179.57649636,-2.12567418,-50.43176316
1.34,134,-0.039,0.064,1.013,0.0,0.0,0.057295800000000015,179.57649636,-2.12567418,-50.43749274
1.35,135,-0.04,0.064,1.014,-0.057295800000000015,0.2291832000000001,0.0,179.81140914,-2.14286292,-50.43176316
1.36,136,-0.039,0.066,1.014,0.057295800000000015,0.2291832000000001,0.0,179.81140914,-2.14286292,-50.43176316
1.37,137,-0.039,0.066,1.013,0.057295800000000015,0.11459160000000004,0.0,179.81140914,-2.1485925000000003,-50.43176316
1.3800000000000001,138,-0.039,0.066,1.013,-0.057295800000000015,0.11459160000000004,0.0,179.81140914,-2.1485925000000003,-50.43176316
1.3900000000000001,139,-0.039,0.065,1.015,-0.1718874,0.11459160000000004,0.0,179.81140914,-2.1485925000000003,-50.43176316
1.4000000000000001,140,-0.039,0.065,1.015,-0.057295800000000015,0.0,0.0,-178.82592138,-2.11421502,-50.54635476
1.4100000000000001,141,-0.04,0.065,1.013,0.0,0.0,-0.057295800000000015,-178.82592138,-2.11421502,-50.54635476
1.42,142,-0.039,0.066,1.015,0.11459160000000004,-0.2291832000000001,0.0,-178.82592138,-2.11421502,-50.54635476
1.43,143,-0.039,0.066,1.0170000000000001,0.2291832000000001,-0.40107059999999994,0.0,-178.8201918,-2.10848544,-50.54635476
1.44,144,-0.038,0.066,1.018,0.11459160000000004,-0.286479,-0.057295800000000015,-178.8201918,-2.10275586,-50.54635476
1.45,145,-0.039,0.065,1.0170000000000001,0.0,-0.11459160000000004,0.0,-178.57954944,-2.10275586,-50.55781392
1.46,146,-0.038,0.065,1.016,0.11459160000000004,0.0,0.0,-178.57954944,-2.10275586,-50.55781392
1.47,147,-0.038,0.064,1.015,0.11459160000000004,0.11459160000000004,0.0,-178.57954944,-2.10275586,-50.55781392
1.48,148,-0.039,0.063,1.015,0.0,0.11459160000000004,0.0,-178.57954944,-2.10275586,-50.55781392
1.49,149,-0.039,0.063,1.015,0.0,0.11459160000000004,0.0,-178.57954944,-2.10848544,-50.55781392
1.5,150,-0.038,0.063,1.013,0.0,0.0,0.0,-178.32171834000005,-2.11421502,-50.5635435
1.51,151,-0.039,0.062,1.013,0.0,0.057295800000000015,0.0,-178.32744792,-2.11421502,-50.5635435
1.52,152,-0.039,0.062,1.013,0.0,0.0,0.0,-178.32171834000005,-2.11421502,-50.5635435
1.53,153,-0.038,0.062,1.015,0.0,-0.057295800000000015,0.0,-178.32171834000005,-2.11421502,-50.5635435
1.54,154,-0.038,0.063,1.015,-0.057295800000000015,-0.057295800000000015,0.0,-178.32744792,-2.11421502,-50.5635435
1.55,155,-0.038,0.063,1.016,-0.057295800000000015,-0.057295800000000015,0.0,-178.14983094,-2.10848544,-50.57500266
1.56,156,-0.038,0.063,1.016,-0.057295800000000015,0.0,-0.057295800000000015,-178.14983094,-2.10848544,-50.57500266
1.57,157,-0.039,0.064,1.016,-0.057295800000000015,0.057295800000000015,0.0,-178.15556052000005,-2.11421502,-50.57500266
1.58,158,-0.038,0.064,1.014,-0.057295800000000015,0.057295800000000015,0.0,-178.15556052000005,-2.11421502,-50.57500266
1.59,159,-0.04,0.065,1.015,-0.057295800000000015,0.11459160000000004,0.0,-178.15556052000005,-2.11421502,-50.57500266
1.6,160,-0.038,0.065,1.014,-0.057295800000000015,0.2291832000000001,0.0,-178.05242808,-2.1199446,-50.57500266
1.61,161,-0.037000000000000005,0.065,1.016,-0.057295800000000015,0.1718874,-0.057295800000000015,-178.05242808,-2.12567418,-50.56927308
1.62,162,-0.037000000000000005,0.066,1.015,-0.057295800000000015,0.1718874,0.0,-178.05815766,-2.12567418,-50.56927308
1.6300000000000001,163,-0.037000000000000005,0.065,1.015,-0.057295800000000015,0.11459160000000004,0.0,-178.05815766,-2.12567418,-50.56927308
1.6400000000000001,164,-0.039,0.066,1.015,-0.057295800000000015,0.1718874,0.0,-178.05815766,-2.13140376,-50.56927308
1.6500000000000001,165,-0.039,0.067,1.015,0.0,0.1718874,0.0,-177.88054068,-2.13713334,-50.57500266
1.6600000000000001,166,-0.039,0.066,1.015,0.0,0.057295800000000015,0.0,-177.88054068,-2.13713334,-50.57500266
1.6700000000000002,167,-0.039,0.066,1.014,-0.057295800000000015,0.0,0.0,-177.88627026,-2.13713334,-50.57500266
1.68,168,-0.038,0.066,1.015,-0.057295800000000015,0.057295800000000015,0.0,-177.88627026,-2.13713334,-50.57500266
1.69,169,-0.038,0.065,1.015,0.0,0.057295800000000015,-0.057295800000000015,-177.88627026,-2.13713334,-50.57500266
1.7,170,-0.038,0.066,1.016,-0.057295800000000015,0.1718874,0.0,-177.80032656,-2.13713334,-50.58073224
1.71,171,-0.038,0.066,1.0170000000000001,-0.057295800000000015,0.286479,0.0,-177.80032656,-2.13713334,-50.58646182
1.72,172,-0.039,0.066,1.016,0.0,0.2291832000000001,0.0,-177.80032656,-2.14286292,-50.58073224
1.73,173,-0.039,0.065,1.015,-0.057295800000000015,0.11459160000000004,0.0,-177.80032656,-2.14286292,-50.58646182
1.74,174,-0.039,0.065,1.0170000000000001,-0.057295800000000015,0.057295800000000015,-0.057295800000000015,-177.80032656,-2.14286292,-50.58073224
1.75,175,-0.039,0.065,1.016,-0.057295800000000015,0.0,-0.057295800000000015,-177.7029237,-2.1485925000000003,-50.58646182
1.76,176,-0.039,0.065,1.016,-0.057295800000000015,0.11459160000000004,0.0,-177.7029237,-2.1485925000000003,-50.58646182
1.77,177,-0.039,0.064,1.014,0.0,0.057295800000000015,0.0,-177.7029237,-2.1485925000000003,-50.58646182
1.78,178,-0.038,0.063,1.013,-0.057295800000000015,0.057295800000000015,0.0,-177.7029237,-2.1485925000000003,-50.58646182
1.79,179,-0.038,0.063,1.014,0.0,0.0,0.0,-177.7029237,-2.1485925000000003,-50.58646182
1.8,180,-0.037000000000000005,0.063,1.015,-0.057295800000000015,0.0,0.0,-177.54249546,-2.13713334,-50.60365056000001
1.81,181,-0.038,0.062,1.012,-0.057295800000000015,0.057295800000000015,0.0,-177.54822503999995,-2.13713334,-50.60365056000001
1.82,182,-0.039,0.063,1.012,0.057295800000000015,-0.057295800000000015,0.0,-177.54249546,-2.13713334,-50.60365056000001
1.83,183,-0.039,0.062,1.015,0.0,0.0,0.0,-177.54249546,-2.13713334,-50.60365056000001
1.84,184,-0.039,0.063,1.015,-0.11459160000000004,-0.1718874,0.0,-177.54822503999995,-2.13713334,-50.60365056000001
1.85,185,-0.037000000000000005,0.065,1.0170000000000001,-0.1718874,-0.11459160000000004,0.0,-177.49665882,-2.13140376,-50.60938014
1.86,186,-0.037000000000000005,0.064,1.016,-0.2291832000000001,0.0,0.057295800000000015,-177.49665882,-2.13140376,-50.60938014
1.87,187,-0.039,0.064,1.014,-0.11459160000000004,0.1718874,0.0,-177.5023884,-2.13140376,-50.60938014
1.8800000000000001,188,-0.037000000000000005,0.063,1.016,-0.1718874,0.286479,0.0,-177.5023884,-2.13713334,-50.60938014
1.8900000000000001,189,-0.038,0.062,1.0170000000000001,-0.286479,0.3437748,0.057295800000000015,-177.50811798,-2.13713334,-50.61510972
1.9000000000000001,190,-0.039,0.062,1.0170000000000001,-0.2291832000000001,0.11459160000000004,0.057295800000000015,-177.46228134,-2.14286292,-50.61510972
1.9100000000000001,191,-0.038,0.062,1.018,-0.057295800000000015,-0.11459160000000004,0.057295800000000015,-177.46228134,-2.13713334,-50.61510972
1.9200000000000002,192,-0.039,0.063,1.018,-0.057295800000000015,-0.286479,0.11459160000000004,-177.46801092,-2.13713334,-50.61510972
1.93,193,-0.039,0.063,1.015,-0.057295800000000015,-0.2291832000000001,0.057295800000000015,-177.46801092,-2.13713334,-50.61510972
1.94,194,-0.037000000000000005,0.065,1.013,-0.1718874,-0.11459160000000004,0.0,-177.46801092,-2.13140376,-50.61510972
1.95,195,-0.038,0.066,1.012,-0.11459160000000004,-0.057295800000000015,0.0,-177.4164447,-2.13713334,-50.61510972
1.96,196,-0.038,0.067,1.012,-0.11459160000000004,0.0,0.0,-177.42217428,-2.13713334,-50.61510972
1.97,197,-0.038,0.067,1.012,-0.057295800000000015,0.11459160000000004,0.0,-177.42217428,-2.13713334,-50.61510972
1.98,198,-0.039,0.068,1.013,0.057295800000000015,0.1718874,0.0,-177.42217428,-2.14286292,-50.61510972
1.99,199,-0.039,0.068,1.014,0.0,0.11459160000000004,0.0,-177.42217428,-2.14286292,-50.61510972
2.0,200,-0.04,0.067,1.015,-0.1718874,0.11459160000000004,0.0,-177.37060806,-2.15432208,-50.61510972
2.01,201,-0.039,0.066,1.014,-0.2291832000000001,0.057295800000000015,0.0,-177.37060806,-2.15432208,-50.61510972
2.02,202,-0.039,0.066,1.014,-0.1718874,0.0,0.0,-177.37633764,-2.15432208,-50.61510972
2.03,203,-0.039,0.066,1.015,0.0,-0.057295800000000015,0.0,-177.37633764,-2.15432208,-50.61510972
2.04,204,-0.038,0.066,1.016,0.0,-0.2291832000000001,0.0,-177.37633764,-2.1485925000000003,-50.61510972
2.05,205,-0.039,0.066,1.018,0.057295800000000015,-0.286479,0.0,-177.32477142,-2.1485925000000003,-50.61510972
2.0599999999999996,206,-0.038,0.066,1.018,0.11459160000000004,-0.1718874,0.0,-177.32477142,-2.14286292,-50.61510972
2.07,207,-0.037000000000000005,0.065,1.0170000000000001,0.057295800000000015,-0.057295800000000015,0.0,-177.32477142,-2.14286292,-50.61510972
2.0799999999999996,208,-0.038,0.065,1.015,0.11459160000000004,0.2291832000000001,0.0,-177.32477142,-2.1485925000000003,-50.60938014
2.09,209,-0.038,0.064,1.014,0.11459160000000004,0.3437748,0.0,-177.31904184,-2.1485925000000003,-50.60938014
2.0999999999999996,210,-0.039,0.062,1.014,0.0,0.40107059999999994,0.0,-177.29612351999995,-2.15432208,-50.60938014
2.11,211,-0.038,0.062,1.014,0.0,0.40107059999999994,0.0,-177.29612351999995,-2.16005166,-50.60938014
2.1199999999999997,212,-0.038,0.062,1.013,0.0,0.1718874,-0.057295800000000015,-177.29612351999995,-2.16005166,-50.60938014
2.13,213,-0.038,0.061,1.013,0.0,0.11459160000000004,0.0,-177.29612351999995,-2.1657812400000003,-50.60938014
2.1399999999999997,214,-0.039,0.062,1.012,0.057295800000000015,0.057295800000000015,0.0,-177.29612351999995,-2.1657812400000003,-50.60938014
2.15,215,-0.039,0.061,1.015,0.0,0.0,0.0,-177.21590940000004,-2.15432208,-50.62083930000001
2.1599999999999997,216,-0.038,0.062,1.016,0.0,-0.057295800000000015,0.0,-177.21590940000004,-2.15432208,-50.62083930000001
2.17,217,-0.039,0.061,1.015,-0.057295800000000015,-0.1718874,0.0,-177.21590940000004,-2.15432208,-50.62083930000001
2.1799999999999997,218,-0.039,0.062,1.016,-0.057295800000000015,-0.11459160000000004,0.0,-177.22163898000005,-2.15432208,-50.62083930000001
2.19,219,-0.039,0.063,1.016,0.0,0.0,0.0,-177.22163898000005,-2.15432208,-50.62083930000001
2.1999999999999997,220,-0.039,0.063,1.016,0.0,0.057295800000000015,0.0,-177.17580234,-2.15432208,-50.62656888
2.21,221,-0.038,0.064,1.015,0.0,0.1718874,0.0,-177.17580234,-2.15432208,-50.62656888
2.2199999999999998,222,-0.039,0.064,1.014,-0.057295800000000015,0.2291832000000001,0.0,-177.17580234,-2.15432208,-50.62656888
2.23,223,-0.038,0.064,1.013,-0.057295800000000015,0.2291832000000001,0.0,-177.18153192,-2.16005166,-50.62656888
2.2399999999999998,224,-0.039,0.064,1.015,-0.057295800000000015,0.1718874,0.0,-177.18153192,-2.16005166,-50.62656888
2.25,225,-0.038,0.066,1.014,0.0,0.1718874,0.0,-177.12996569999999,-2.16005166,-50.63229846
2.26,226,-0.039,0.066,1.014,0.0,0.11459160000000004,0.0,-177.12996569999999,-2.16005166,-50.63229846
2.27,227,-0.039,0.065,1.013,0.0,0.0,0.0,-177.12996569999999,-2.16005166,-50.63229846
2.28,228,-0.039,0.065,1.014,0.0,0.0,0.0,-177.12996569999999,-2.16005166,-50.63229846
2.29,229,-0.039,0.065,1.014,0.0,-0.11459160000000004,0.0,-177.12996569999999,-2.16005166,-50.63229846
2.3,230,-0.04,0.066,1.014,0.0,-0.11459160000000004,0.0,-177.08985864000005,-2.1657812400000003,-50.62656888
2.31,231,-0.04,0.066,1.015,0.057295800000000015,-0.057295800000000015,0.0,-177.08985864000005,-2.1657812400000003,-50.62656888
2.32,232,-0.038,0.066,1.0170000000000001,0.057295800000000015,0.0,0.0,-177.08985864000005,-2.1657812400000003,-50.62656888
2.3299999999999996,233,-0.039,0.066,1.016,0.057295800000000015,0.0,0.0,-177.08985864000005,-2.1657812400000003,-50.62656888
2.34,234,-0.04,0.065,1.016,0.1718874,0.057295800000000015,-0.057295800000000015,-177.08985864000005,-2.1657812400000003,-50.62656888
2.3499999999999996,235,-0.039,0.065,1.016,0.11459160000000004,-0.057295800000000015,-0.057295800000000015,-177.04975158,-2.17151082,-50.62083930000001
2.36,236,-0.039,0.066,1.015,0.11459160000000004,0.0,0.0,-177.04975158,-2.17151082,-50.62083930000001
2.3699999999999997,237,-0.04,0.064,1.014,0.1718874,-0.2291832000000001,0.0,-177.04402199999996,-2.1657812400000003,-50.62083930000001
2.38,238,-0.039,0.064,1.015,0.057295800000000015,-0.286479,0.0,-177.04402199999996,-2.1657812400000003,-50.62083930000001
2.3899999999999997,239,-0.039,0.066,1.016,0.0,-0.286479,0.0,-177.04402199999996,-2.16005166,-50.62083930000001
2.4,240,-0.039,0.064,1.015,0.0,-0.3437748,0.0,-177.03256284,-2.15432208,-50.62083930000001
2.4099999999999997,241,-0.039,0.063,1.015,-0.057295800000000015,-0.286479,-0.057295800000000015,-177.03256284,-2.15432208,-50.62083930000001
2.42,242,-0.039,0.064,1.016,-0.11459160000000004,-0.1718874,0.0,-177.03256284,-2.15432208,-50.62083930000001
2.4299999999999997,243,-0.039,0.063,1.014,-0.11459160000000004,-0.057295800000000015,0.0,-177.03256284,-2.1485925000000003,-50.62083930000001
2.44,244,-0.038,0.062,1.012,0.0,-0.057295800000000015,0.0,-177.03256284,-2.1485925000000003,-50.62083930000001
2.4499999999999997,245,-0.039,0.062,1.012,0.0,-0.1718874,0.0,-177.0153741,-2.15432208,-50.61510972
2.46,246,-0.039,0.064,1.015,-0.057295800000000015,-0.11459160000000004,0.0,-177.02110368,-2.15432208,-50.61510972
2.4699999999999998,247,-0.038,0.065,1.018,-0.11459160000000004,-0.1718874,0.057295800000000015,-177.02110368,-2.1485925000000003,-50.61510972
2.48,248,-0.037000000000000005,0.065,1.0190000000000001,-0.11459160000000004,-0.057295800000000015,0.0,-177.02110368,-2.1485925000000003,-50.61510972
2.4899999999999998,249,-0.038,0.064,1.014,-0.2291832000000001,0.11459160000000004,0.0,-177.02683326,-2.1485925000000003,-50.61510972
2.5,250,-0.038,0.064,1.013,-0.057295800000000015,0.2291832000000001,0.0,-177.00964452,-2.1485925000000003,-50.62083930000001
2.51,251,-0.039,0.062,1.015,-0.1718874,0.286479,0.0,-177.00964452,-2.15432208,-50.62083930000001
2.52,252,-0.039,0.062,1.014,-0.1718874,0.1718874,0.0,-177.0153741,-2.15432208,-50.62083930000001
2.53,253,-0.039,0.062,1.015,-0.11459160000000004,0.0,0.0,-177.0153741,-2.15432208,-50.62083930000001
2.54,254,-0.04,0.062,1.0170000000000001,-0.057295800000000015,-0.1718874,0.057295800000000015,-177.0153741,-2.15432208,-50.62083930000001
2.55,255,-0.038,0.063,1.018,0.0,-0.286479,0.057295800000000015,-177.00391494000004,-2.15432208,-50.62083930000001
2.56,256,-0.038,0.065,1.015,-0.11459160000000004,-0.2291832000000001,0.057295800000000015,-177.00391494000004,-2.15432208,-50.62083930000001
2.57,257,-0.038,0.065,1.014,-0.1718874,0.0,0.0,-177.00964452,-2.15432208,-50.62083930000001
2.5799999999999996,258,-0.038,0.064,1.014,-0.057295800000000015,0.1718874,0.057295800000000015,-177.00964452,-2.15432208,-50.62083930000001
2.59,259,-0.039,0.064,1.012,-0.057295800000000015,0.2291832000000001,0.0,-177.00964452,-2.15432208,-50.62083930000001
2.5999999999999996,260,-0.039,0.065,1.013,0.0,0.40107059999999994,0.0,-176.99818536,-2.1657812400000003,-50.62083930000001
2.61,261,-0.039,0.064,1.014,0.0,0.3437748,0.0,-176.99818536,-2.1657812400000003,-50.62083930000001
2.6199999999999997,262,-0.038,0.066,1.014,0.0,0.3437748,0.0,-176.99818536,-2.17151082,-50.62083930000001
2.63,263,-0.039,0.065,1.014,0.0,0.2291832000000001,0.0,-176.99818536,-2.17151082,-50.62083930000001
2.6399999999999997,264,-0.039,0.066,1.014,-0.057295800000000015,0.057295800000000015,0.0,-176.99818536,-2.17151082,-50.62083930000001
2.65,265,-0.038,0.065,1.014,-0.057295800000000015,0.057295800000000015,0.0,-176.94661914,-2.16005166,-50.63229846
2.6599999999999997,266,-0.039,0.065,1.015,0.0,0.0,0.0,-176.94661914,-2.16005166,-50.63229846
2.67,267,-0.039,0.065,1.015,0.0,0.0,0.057295800000000015,-176.94661914,-2.16005166,-50.63229846
2.6799999999999997,268,-0.04,0.064,1.016,0.0,-0.057295800000000015,0.0,-176.94661914,-2.16005166,-50.63229846
2.69,269,-0.039,0.065,1.0170000000000001,0.11459160000000004,0.0,0.0,-176.94661914,-2.16005166,-50.63229846
2.6999999999999997,270,-0.039,0.064,1.0170000000000001,0.057295800000000015,0.057295800000000015,0.0,-176.92370082,-2.1657812400000003,-50.63229846
2.71,271,-0.039,0.063,1.014,0.11459160000000004,0.1718874,0.0,-176.92370082,-2.1657812400000003,-50.63229846
2.7199999999999998,272,-0.039,0.063,1.014,0.11459160000000004,0.1718874,0.0,-176.92370082,-2.1657812400000003,-50.63229846
2.73,273,-0.04,0.062,1.014,0.11459160000000004,0.2291832000000001,0.0,-176.92370082,-2.17151082,-50.63229846
2.7399999999999998,274,-0.039,0.062,1.014,0.057295800000000015,0.057295800000000015,0.0,-176.91797124,-2.17151082,-50.63802804
2.75,275,-0.04,0.062,1.014,0.0,0.0,0.0,-176.92370082,-2.17151082,-50.63229846
2.76,276,-0.04,0.062,1.013,0.057295800000000015,-0.057295800000000015,0.0,-176.91797124,-2.17151082,-50.63229846
2.77,277,-0.04,0.061,1.014,0.057295800000000015,-0.057295800000000015,0.0,-176.91797124,-2.17151082,-50.63229846
2.78,278,-0.039,0.061,1.014,0.057295800000000015,-0.057295800000000015,0.0,-176.91797124,-2.17151082,-50.63229846
2.79,279,-0.039,0.061,1.015,0.11459160000000004,-0.11459160000000004,0.0,-176.91797124,-2.17151082,-50.63229846
2.8,280,-0.038,0.062,1.015,0.1718874,-0.11459160000000004,0.0,-176.90651208000003,-2.17151082,-50.63229846
2.81,281,-0.038,0.063,1.015,0.057295800000000015,0.0,0.0,-176.90651208000003,-2.17151082,-50.63229846
2.82,282,-0.039,0.063,1.015,0.1718874,-0.057295800000000015,0.0,-176.90651208000003,-2.1657812400000003,-50.63802804
2.8299999999999996,283,-0.039,0.063,1.016,0.1718874,-0.057295800000000015,0.0,-176.9007825,-2.1657812400000003,-50.63802804
2.84,284,-0.039,0.064,1.015,0.11459160000000004,-0.057295800000000015,0.0,-176.9007825,-2.1657812400000003,-50.63802804
2.8499999999999996,285,-0.039,0.064,1.015,0.11459160000000004,0.0,0.0,-176.88359376,-2.17151082,-50.63229846
2.86,286,-0.039,0.063,1.015,0.11459160000000004,-0.057295800000000015,0.0,-176.88359376,-2.17151082,-50.63229846
2.8699999999999997,287,-0.038,0.063,1.014,0.11459160000000004,0.0,0.0,-176.88359376,-2.17151082,-50.63229846
2.88,288,-0.039,0.064,1.015,0.11459160000000004,0.0,0.0,-176.87786418,-2.17151082,-50.63229846
2.8899999999999997,289,-0.039,0.065,1.015,0.11459160000000004,0.0,0.0,-176.87786418,-2.17151082,-50.63229846
2.9,290,-0.038,0.065,1.014,0.11459160000000004,-0.057295800000000015,0.0,-176.85494586,-2.17151082,-50.63229846
2.9099999999999997,291,-0.04,0.066,1.014,0.11459160000000004,-0.057295800000000015,0.0,-176.84921628,-2.17151082,-50.63229846
2.92,292,-0.039,0.066,1.014,0.1718874,-0.11459160000000004,0.0,-176.84921628,-2.1657812400000003,-50.63229846
2.9299999999999997,293,-0.039,0.066,1.014,0.286479,-0.1718874,0.0,-176.84348669999997,-2.1657812400000003,-50.63229846
2.94,294,-0.04,0.065,1.016,0.1718874,-0.1718874,-0.057295800000000015,-176.84348669999997,-2.1657812400000003,-50.63229846
2.9499999999999997,295,-0.04,0.065,1.015,0.1718874,-0.11459160000000004,0.0,-176.83202753999996,-2.1657812400000003,-50.63229846
2.96,296,-0.04,0.065,1.016,0.1718874,-0.11459160000000004,0.0,-176.83202753999996,-2.16005166,-50.63229846
2.9699999999999998,297,-0.039,0.065,1.015,0.11459160000000004,0.0,-0.057295800000000015,-176.83202753999996,-2.16005166,-50.63229846
2.98,298,-0.039,0.065,1.015,0.2291832000000001,-0.057295800000000015,0.0,-176.82629795999995,-2.16005166,-50.63229846
2.9899999999999998,299,-0.039,0.065,1.015,0.11459160000000004,-0.057295800000000015,-0.057295800000000015,-176.82629795999995,-2.16005166,-50.63229846
3.0,300,-0.040999999999999995,0.065,1.0170000000000001,0.1718874,-0.1718874,0.0,-176.81483880000005,-2.1657812400000003,-50.62656888
3.01,301,-0.039,0.065,1.015,0.1718874,-0.286479,0.0,-176.81483880000005,-2.16005166,-50.62656888
3.02,302,-0.039,0.064,1.015,0.11459160000000004,-0.2291832000000001,0.0,-176.81483880000005,-2.16005166,-50.62656888
3.03,303,-0.039,0.064,1.015,0.057295800000000015,-0.057295800000000015,0.0,-176.81483880000005,-2.16005166,-50.62656888
3.04,304,-0.039,0.063,1.014,0.057295800000000015,-0.057295800000000015,0.0,-176.81483880000005,-2.16005166,-50.62656888
3.05,305,-0.038,0.063,1.014,0.057295800000000015,0.0,-0.057295800000000015,-176.80337964,-2.15432208,-50.62656888
3.06,306,-0.038,0.063,1.014,0.057295800000000015,0.057295800000000015,-0.057295800000000015,-176.80337964,-2.15432208,-50.62656888
3.07,307,-0.038,0.063,1.012,0.057295800000000015,0.0,0.0,-176.80337964,-2.15432208,-50.62656888
3.08,308,-0.039,0.063,1.012,0.2291832000000001,-0.057295800000000015,0.0,-176.79765006,-2.15432208,-50.62656888
3.09,309,-0.039,0.063,1.014,0.2291832000000001,-0.057295800000000015,0.0,-176.79765006,-2.15432208,-50.62656888
3.0999999999999996,310,-0.039,0.064,1.016,0.0,-0.2291832000000001,0.0,-176.79192048,-2.15432208,-50.62083930000001
3.11,311,-0.038,0.065,1.0190000000000001,-0.11459160000000004,-0.2291832000000001,0.0,-176.79765006,-2.1485925000000003,-50.62083930000001
3.1199999999999997,312,-0.038,0.064,1.018,-0.286479,-0.11459160000000004,0.0,-176.79765006,-2.1485925000000003,-50.62083930000001
3.13,313,-0.038,0.064,1.014,-0.057295800000000015,0.11459160000000004,0.0,-176.79765006,-2.1485925000000003,-50.62083930000001
3.1399999999999997,314,-0.038,0.064,1.014,0.0,0.3437748,0.0,-176.80337964,-2.15432208,-50.62083930000001
3.15,315,-0.038,0.063,1.015,-0.1718874,0.3437748,0.0,-176.80337964,-2.16005166,-50.62083930000001
3.1599999999999997,316,-0.039,0.062,1.016,-0.2291832000000001,0.057295800000000015,0.0,-176.80337964,-2.16005166,-50.62083930000001
3.17,317,-0.039,0.063,1.0170000000000001,-0.057295800000000015,-0.1718874,0.0,-176.80337964,-2.16005166,-50.62083930000001
3.1799999999999997,318,-0.04,0.063,1.0170000000000001,0.0,-0.40107059999999994,0.0,-176.80337964,-2.15432208,-50.62083930000001
3.19,319,-0.039,0.064,1.0170000000000001,0.057295800000000015,-0.286479,0.057295800000000015,-176.80337964,-2.15432208,-50.62083930000001
3.1999999999999997,320,-0.039,0.065,1.014,0.0,-0.2291832000000001,0.0,-176.79192048,-2.1485925000000003,-50.62083930000001
3.21,321,-0.039,0.065,1.014,0.0,-0.057295800000000015,0.0,-176.79192048,-2.1485925000000003,-50.62083930000001
3.2199999999999998,322,-0.039,0.065,1.012,0.0,0.0,0.057295800000000015,-176.79192048,-2.1485925000000003,-50.62083930000001
3.23,323,-0.038,0.067,1.011,0.0,0.0,0.0,-176.79192048,-2.1485925000000003,-50.62083930000001
3.2399999999999998,324,-0.04,0.067,1.013,0.057295800000000015,0.0,0.0,-176.79192048,-2.1485925000000003,-50.62083930000001
3.25,325,-0.038,0.067,1.012,0.11459160000000004,-0.057295800000000015,0.0,-176.75181342000005,-2.14286292,-50.62656888
3.26,326,-0.038,0.068,1.014,0.0,0.0,0.0,-176.75181342000005,-2.14286292,-50.62656888
3.27,327,-0.039,0.067,1.015,-0.057295800000000015,0.11459160000000004,0.057295800000000015,-176.75181342000005,-2.14286292,-50.62656888
3.28,328,-0.038,0.066,1.015,-0.057295800000000015,0.0,0.0,-176.75181342000005,-2.14286292,-50.62656888
3.29,329,-0.038,0.065,1.014,0.0,0.0,0.0,-176.75181342000005,-2.14286292,-50.62656888
3.3,330,-0.038,0.066,1.014,0.1718874,-0.1718874,0.0,-176.74035426,-2.14286292,-50.62656888
3.31,331,-0.038,0.066,1.015,0.1718874,-0.3437748,0.0,-176.74035426,-2.13713334,-50.62656888
3.32,332,-0.038,0.067,1.018,0.1718874,-0.4583664000000001,0.0,-176.74035426,-2.13140376,-50.62656888
3.33,333,-0.038,0.066,1.0170000000000001,0.11459160000000004,-0.4583664000000001,0.0,-176.73462468,-2.13140376,-50.62656888
3.34,334,-0.037000000000000005,0.066,1.0170000000000001,0.057295800000000015,-0.286479,-0.057295800000000015,-176.73462468,-2.12567418,-50.62656888
3.3499999999999996,335,-0.038,0.064,1.016,0.057295800000000015,0.0,-0.057295800000000015,-176.74608383999995,-2.1199446,-50.62656888
3.36,336,-0.038,0.063,1.015,0.0,0.0,0.0,-176.74608383999995,-2.1199446,-50.62656888
3.3699999999999997,337,-0.037000000000000005,0.063,1.014,0.057295800000000015,0.0,0.0,-176.74608383999995,-2.1199446,-50.62656888
3.38,338,-0.037000000000000005,0.063,1.014,0.057295800000000015,0.057295800000000015,0.0,-176.74608383999995,-2.1199446,-50.62656888
3.3899999999999997,339,-0.037000000000000005,0.064,1.013,0.057295800000000015,0.0,0.0,-176.74608383999995,-2.1199446,-50.62656888
3.4,340,-0.039,0.062,1.014,0.11459160000000004,0.0,0.0,-176.757543,-2.12567418,-50.62656888
3.4099999999999997,341,-0.038,0.062,1.014,0.057295800000000015,0.0,0.057295800000000015,-176.757543,-2.12567418,-50.62656888
3.42,342,-0.038,0.064,1.014,0.0,0.0,0.0,-176.757543,-2.12567418,-50.62656888
3.4299999999999997,343,-0.039,0.063,1.014,0.11459160000000004,0.0,0.057295800000000015,-176.75181342000005,-2.12567418,-50.62656888
3.44,344,-0.038,0.064,1.015,0.1718874,-0.11459160000000004,0.0,-176.75181342000005,-2.1199446,-50.62656888
3.4499999999999997,345,-0.037000000000000005,0.065,1.015,0.2291832000000001,-0.057295800000000015,0.0,-176.74035426,-2.1199446,-50.63229846
3.46,346,-0.037000000000000005,0.066,1.015,0.3437748,0.0,0.057295800000000015,-176.74035426,-2.1199446,-50.63229846
3.4699999999999998,347,-0.038,0.067,1.016,0.2291832000000001,-0.11459160000000004,0.057295800000000015,-176.73462468,-2.11421502,-50.63229846
3.48,348,-0.037000000000000005,0.067,1.0170000000000001,0.0,-0.11459160000000004,0.0,-176.73462468,-2.11421502,-50.63229846
3.4899999999999998,349,-0.038,0.066,1.016,-0.1718874,0.057295800000000015,0.0,-176.74035426,-2.11421502,-50.63229846
3.5,350,-0.038,0.066,1.0170000000000001,-0.1718874,0.1718874,0.0,-176.73462468,-2.1199446,-50.63229846
3.51,351,-0.038,0.066,1.0170000000000001,-0.11459160000000004,0.286479,0.0,-176.74035426,-2.1199446,-50.63229846
3.52,352,-0.038,0.067,1.016,-0.057295800000000015,0.286479,0.0,-176.74035426,-2.12567418,-50.63229846
3.53,353,-0.038,0.066,1.0170000000000001,0.0,0.286479,0.0,-176.74035426,-2.13140376,-50.63229846
3.54,354,-0.039,0.067,1.016,0.0,0.057295800000000015,0.0,-176.74035426,-2.13140376,-50.63229846
3.55,355,-0.037000000000000005,0.067,1.015,0.0,0.11459160000000004,0.0,-176.72316552,-2.13140376,-50.63229846
3.56,356,-0.036000000000000004,0.067,1.015,0.0,0.2291832000000001,0.0,-176.72316552,-2.13140376,-50.63802804
3.57,357,-0.038,0.067,1.016,0.0,0.11459160000000004,0.0,-176.72316552,-2.13140376,-50.63802804
3.58,358,-0.038,0.066,1.014,0.0,0.11459160000000004,0.0,-176.72316552,-2.13713334,-50.63802804
3.59,359,-0.038,0.065,1.013,0.0,0.057295800000000015,0.0,-176.72316552,-2.13713334,-50.63802804
3.5999999999999996,360,-0.039,0.066,1.013,0.0,0.0,0.0,-176.6715993,-2.13713334,-50.63802804
3.61,361,-0.038,0.067,1.015,-0.057295800000000015,0.057295800000000015,0.0,-176.6715993,-2.13713334,-50.63802804
3.6199999999999997,362,-0.038,0.066,1.016,-0.11459160000000004,0.1718874,0.0,-176.6715993,-2.13713334,-50.63802804
3.63,363,-0.037000000000000005,0.066,1.015,-0.1718874,0.1718874,0.0,-176.67732887999995,-2.13713334,-50.63802804
3.6399999999999997,364,-0.037000000000000005,0.065,1.015,-0.11459160000000004,0.1718874,0.0,-176.67732887999995,-2.14286292,-50.63802804
3.65,365,-0.037000000000000005,0.066,1.015,0.0,0.057295800000000015,0.0,-176.67732887999995,-2.13713334,-50.63802804
3.6599999999999997,366,-0.038,0.065,1.015,0.0,0.0,0.0,-176.67732887999995,-2.13713334,-50.64375762
3.67,367,-0.038,0.065,1.015,0.0,0.0,0.0,-176.67732887999995,-2.13713334,-50.63802804
3.6799999999999997,368,-0.038,0.065,1.014,0.0,0.057295800000000015,0.0,-176.67732887999995,-2.14286292,-50.63802804
3.69,369,-0.038,0.066,1.015,0.0,0.11459160000000004,0.0,-176.67732887999995,-2.14286292,-50.63802804
3.6999999999999997,370,-0.038,0.064,1.015,-0.057295800000000015,0.1718874,-0.057295800000000015,-176.68878804000005,-2.14286292,-50.63802804
3.71,371,-0.038,0.066,1.014,0.0,0.11459160000000004,0.0,-176.68878804000005,-2.14286292,-50.63802804
3.7199999999999998,372,-0.038,0.066,1.015,0.0,0.1718874,0.0,-176.68878804000005,-2.1485925000000003,-50.63802804
3.73,373,-0.037000000000000005,0.065,1.012,0.0,0.1718874,-0.057295800000000015,-176.68878804000005,-2.1485925000000003,-50.63802804
3.7399999999999998,374,-0.038,0.065,1.013,0.0,0.0,0.0,-176.68878804000005,-2.1485925000000003,-50.63802804
3.75,375,-0.039,0.067,1.014,0.0,-0.057295800000000015,-0.057295800000000015,-176.6715993,-2.1485925000000003,-50.63802804
3.76,376,-0.039,0.067,1.015,-0.057295800000000015,-0.057295800000000015,0.0,-176.6715993,-2.1485925000000003,-50.63802804
3.77,377,-0.038,0.069,1.018,-0.2291832000000001,-0.2291832000000001,0.0,-176.67732887999995,-2.1485925000000003,-50.63802804
3.78,378,-0.038,0.067,1.015,-0.2291832000000001,-0.11459160000000004,-0.057295800000000015,-176.67732887999995,-2.1485925000000003,-50.63802804
3.79,379,-0.038,0.066,1.012,-0.11459160000000004,0.0,-0.057295800000000015,-176.67732887999995,-2.1485925000000003,-50.63802804
3.8,380,-0.037000000000000005,0.065,1.014,-0.11459160000000004,0.2291832000000001,-0.11459160000000004,-176.68305846,-2.1485925000000003,-50.63229846
3.81,381,-0.038,0.064,1.0170000000000001,-0.1718874,0.2291832000000001,0.0,-176.68305846,-2.1485925000000003,-50.63229846
3.82,382,-0.038,0.064,1.016,-0.2291832000000001,0.057295800000000015,0.057295800000000015,-176.68878804000005,-2.1485925000000003,-50.63802804
3.83,383,-0.039,0.064,1.014,-0.057295800000000015,-0.1718874,0.0,-176.68878804000005,-2.1485925000000003,-50.63229846
3.84,384,-0.038,0.066,1.015,0.11459160000000004,-0.40107059999999994,0.057295800000000015,-176.68878804000005,-2.14286292,-50.63229846
3.8499999999999996,385,-0.037000000000000005,0.065,1.013,0.1718874,-0.4583664000000001,0.0,-176.68305846,-2.13713334,-50.63802804
3.86,386,-0.037000000000000005,0.066,1.014,0.0,-0.3437748,0.0,-176.68305846,-2.13140376,-50.63802804
3.8699999999999997,387,-0.038,0.066,1.014,-0.057295800000000015,-0.3437748,0.0,-176.68305846,-2.12567418,-50.63229846
3.88,388,-0.038,0.067,1.014,-0.11459160000000004,-0.3437748,0.0,-176.68305846,-2.12567418,-50.63229846
3.8899999999999997,389,-0.037000000000000005,0.069,1.015,-0.11459160000000004,-0.1718874,0.0,-176.68305846,-2.1199446,-50.63229846
3.9,390,-0.037000000000000005,0.07,1.014,-0.11459160000000004,-0.1718874,0.057295800000000015,-176.66014014,-2.11421502,-50.63802804
3.9099999999999997,391,-0.037000000000000005,0.07,1.014,-0.11459160000000004,0.0,0.0,-176.66014014,-2.11421502,-50.63802804
3.92,392,-0.038,0.069,1.014,-0.2291832000000001,0.057295800000000015,0.0,-176.66014014,-2.11421502,-50.63802804
3.9299999999999997,393,-0.037000000000000005,0.069,1.014,-0.1718874,0.057295800000000015,0.0,-176.66586972,-2.11421502,-50.63802804
3.94,394,-0.038,0.067,1.013,-0.057295800000000015,0.11459160000000004,0.0,-176.66586972,-2.1199446,-50.63802804
3.9499999999999997,395,-0.038,0.067,1.015,0.0,0.0,-0.057295800000000015,-176.65441056,-2.11421502,-50.63802804
3.96,396,-0.037000000000000005,0.067,1.016,0.057295800000000015,-0.11459160000000004,0.0,-176.65441056,-2.11421502,-50.63802804
3.9699999999999998,397,-0.037000000000000005,0.068,1.016,0.057295800000000015,-0.2291832000000001,0.0,-176.65441056,-2.10848544,-50.63802804
3.98,398,-0.037000000000000005,0.068,1.015,0.057295800000000015,-0.11459160000000004,0.0,-176.65441056,-2.10848544,-50.63802804
3.9899999999999998,399,-0.037000000000000005,0.068,1.015,0.057295800000000015,0.0,0.0,-176.65441056,-2.10848544,-50.63802804
4.0,400,-0.036000000000000004,0.066,1.014,0.0,0.057295800000000015,0.0,-176.64868098,-2.10275586,-50.63802804
4.01,401,-0.037000000000000005,0.066,1.014,-0.057295800000000015,0.1718874,-0.057295800000000015,-176.64868098,-2.10275586,-50.63802804
4.02,402,-0.037000000000000005,0.065,1.015,-0.057295800000000015,0.1718874,0.0,-176.64868098,-2.10275586,-50.63802804
4.03,403,-0.037000000000000005,0.064,1.014,0.0,0.11459160000000004,0.0,-176.64868098,-2.10848544,-50.63802804
4.04,404,-0.037000000000000005,0.064,1.015,0.0,0.057295800000000015,0.0,-176.64868098,-2.10848544,-50.63802804
4.05,405,-0.036000000000000004,0.065,1.016,0.0,0.1718874,0.057295800000000015,-176.65441056,-2.10848544,-50.63802804
4.06,406,-0.037000000000000005,0.064,1.016,0.0,0.1718874,0.0,-176.65441056,-2.10848544,-50.63802804
4.07,407,-0.037000000000000005,0.065,1.0170000000000001,0.0,0.286479,0.0,-176.65441056,-2.11421502,-50.63802804
4.08,408,-0.037000000000000005,0.065,1.016,0.0,0.3437748,0.0,-176.65441056,-2.11421502,-50.63802804
4.09,409,-0.037000000000000005,0.065,1.016,-0.057295800000000015,0.3437748,0.057295800000000015,-176.65441056,-2.1199446,-50.64375762
4.1,410,-0.038,0.065,1.016,0.0,0.40107059999999994,0.0,-176.64868098,-2.12567418,-50.64375762
4.109999999999999,411,-0.037000000000000005,0.067,1.015,0.0,0.40107059999999994,0.0,-176.64868098,-2.12567418,-50.64375762
4.12,412,-0.037000000000000005,0.067,1.015,0.0,0.40107059999999994,0.0,-176.64868098,-2.13140376,-50.64375762
4.13,413,-0.038,0.068,1.014,0.0,0.286479,0.057295800000000015,-176.64868098,-2.13713334,-50.64375762
4.14,414,-0.038,0.067,1.011,0.0,0.286479,0.0,-176.64868098,-2.13713334,-50.64375762
4.1499999999999995,415,-0.038,0.068,1.011,0.0,0.057295800000000015,0.0,-176.6143035,-2.13713334,-50.6494872
4.16,416,-0.038,0.068,1.011,0.0,-0.1718874,0.0,-176.6143035,-2.13140376,-50.6494872
4.17,417,-0.038,0.068,1.014,0.0,-0.286479,0.0,-176.6143035,-2.13140376,-50.6494872
4.18,418,-0.037000000000000005,0.067,1.016,-0.057295800000000015,-0.286479,0.0,-176.6143035,-2.12567418,-50.6494872
4.1899999999999995,419,-0.038,0.066,1.0170000000000001,-0.11459160000000004,-0.11459160000000004,0.0,-176.6143035,-2.12567418,-50.6494872
4.2,420,-0.037000000000000005,0.066,1.016,0.0,0.057295800000000015,0.0,-176.6143035,-2.1199446,-50.6494872
4.21,421,-0.037000000000000005,0.067,1.015,0.11459160000000004,0.057295800000000015,0.0,-176.6143035,-2.12567418,-50.6494872
4.22,422,-0.037000000000000005,0.068,1.015,0.11459160000000004,0.057295800000000015,0.0,-176.6143035,-2.12567418,-50.6494872
4.2299999999999995,423,-0.037000000000000005,0.068,1.016,0.11459160000000004,0.0,0.057295800000000015,-176.6143035,-2.12567418,-50.6494872
4.24,424,-0.037000000000000005,0.068,1.0170000000000001,0.0,0.0,0.0,-176.6143035,-2.12567418,-50.6494872
4.25,425,-0.037000000000000005,0.069,1.0170000000000001,0.0,0.057295800000000015,0.0,-176.60284434,-2.12567418,-50.6494872
4.26,426,-0.037000000000000005,0.068,1.0170000000000001,0.0,0.2291832000000001,0.0,-176.60284434,-2.12567418,-50.6494872
4.27,427,-0.037000000000000005,0.068,1.0170000000000001,0.0,0.2291832000000001,0.0,-176.60284434,-2.13140376,-50.65521678
4.28,428,-0.038,0.069,1.015,0.0,0.2291832000000001,0.0,-176.60284434,-2.13140376,-50.65521678
4.29,429,-0.038,0.067,1.012,-0.057295800000000015,0.286479,-0.057295800000000015,-176.60857392,-2.13713334,-50.65521678
4.3,430,-0.038,0.068,1.012,0.0,0.0,-0.057295800000000015,-176.59711476,-2.12567418,-50.65521678
4.31,431,-0.037000000000000005,0.067,1.013,-0.057295800000000015,-0.057295800000000015,0.0,-176.59711476,-2.12567418,-50.65521678
4.32,432,-0.037000000000000005,0.068,1.015,-0.11459160000000004,0.0,-0.057295800000000015,-176.60284434,-2.12567418,-50.6494872
4.33,433,-0.036000000000000004,0.067,1.016,-0.1718874,0.0,-0.057295800000000015,-176.60284434,-2.12567418,-50.6494872
4.34,434,-0.038,0.065,1.014,-0.1718874,0.057295800000000015,-0.057295800000000015,-176.60284434,-2.13140376,-50.6494872
4.35,435,-0.037000000000000005,0.065,1.013,-0.057295800000000015,-0.057295800000000015,-0.11459160000000004,-176.60284434,-2.1199446,-50.6494872
4.36,436,-0.037000000000000005,0.065,1.014,0.0,0.0,-0.057295800000000015,-176.60284434,-2.1199446,-50.6494872
4.37,437,-0.038,0.064,1.013,0.0,0.057295800000000015,0.0,-176.60857392,-2.1199446,-50.6494872
4.38,438,-0.038,0.065,1.015,0.0,-0.057295800000000015,-0.057295800000000015,-176.60857392,-2.1199446,-50.6494872
4.39,439,-0.038,0.065,1.016,-0.057295800000000015,0.0,0.0,-176.60857392,-2.1199446,-50.6494872
4.3999999999999995,440,-0.038,0.067,1.018,-0.11459160000000004,0.0,0.0,-176.60857392,-2.1199446,-50.64375762
4.41,441,-0.037000000000000005,0.067,1.0190000000000001,-0.286479,-0.2291832000000001,0.0,-176.60857392,-2.1199446,-50.64375762
4.42,442,-0.038,0.067,1.0170000000000001,-0.286479,-0.057295800000000015,0.0,-176.6143035,-2.1199446,-50.64375762
4.43,443,-0.038,0.066,1.013,-0.1718874,0.1718874,0.0,-176.6143035,-2.1199446,-50.64375762
4.4399999999999995,444,-0.038,0.065,1.015,-0.1718874,0.2291832000000001,0.0,-176.62003308,-2.12567418,-50.64375762
4.45,445,-0.037000000000000005,0.064,1.016,-0.3437748,0.286479,0.0,-176.62576266000005,-2.12567418,-50.64375762
4.46,446,-0.038,0.063,1.015,-0.2291832000000001,0.2291832000000001,0.0,-176.62576266000005,-2.12567418,-50.64375762
4.47,447,-0.039,0.064,1.012,0.0,0.0,0.0,-176.62576266000005,-2.12567418,-50.64375762
4.4799999999999995,448,-0.039,0.065,1.012,0.057295800000000015,-0.2291832000000001,0.057295800000000015,-176.62576266000005,-2.12567418,-50.64375762
4.49,449,-0.037000000000000005,0.067,1.012,0.0,-0.2291832000000001,0.057295800000000015,-176.62576266000005,-2.1199446,-50.6494872
4.5,450,-0.037000000000000005,0.066,1.013,-0.11459160000000004,-0.1718874,0.0,-176.63149224,-2.1199446,-50.64375762
4.51,451,-0.038,0.066,1.013,-0.057295800000000015,-0.286479,0.0,-176.63149224,-2.11421502,-50.6494872
4.52,452,-0.038,0.067,1.013,0.0,-0.2291832000000001,0.0,-176.63149224,-2.11421502,-50.64375762
4.53,453,-0.038,0.068,1.015,0.0,-0.1718874,0.0,-176.63149224,-2.10848544,-50.64375762
4.54,454,-0.039,0.07,1.018,0.057295800000000015,-0.1718874,0.057295800000000015,-176.63149224,-2.10848544,-50.6494872
4.55,455,-0.037000000000000005,0.069,1.0170000000000001,0.0,-0.286479,0.0,-176.6143035,-2.10275586,-50.6494872
4.56,456,-0.037000000000000005,0.07,1.016,-0.1718874,-0.1718874,0.0,-176.6143035,-2.10275586,-50.6494872
4.57,457,-0.037000000000000005,0.069,1.014,-0.286479,-0.2291832000000001,0.0,-176.62003308,-2.09702628,-50.6494872
4.58,458,-0.038,0.067,1.0170000000000001,-0.2291832000000001,-0.2291832000000001,0.0,-176.62003308,-2.09702628,-50.6494872
4.59,459,-0.038,0.067,1.016,-0.11459160000000004,-0.1718874,0.0,-176.62576266000005,-2.0912967,-50.64375762
4.6,460,-0.038,0.068,1.016,0.0,-0.1718874,0.0,-176.60284434,-2.0912967,-50.6494872
4.61,461,-0.038,0.068,1.015,0.0,-0.286479,-0.057295800000000015,-176.60284434,-2.0912967,-50.64375762
4.62,462,-0.038,0.068,1.015,0.057295800000000015,-0.2291832000000001,0.0,-176.60284434,-2.08556712,-50.64375762
4.63,463,-0.037000000000000005,0.069,1.014,0.057295800000000015,-0.057295800000000015,-0.057295800000000015,-176.60284434,-2.08556712,-50.64375762
4.64,464,-0.037000000000000005,0.068,1.014,0.0,0.11459160000000004,0.0,-176.60284434,-2.08556712,-50.64375762
4.6499999999999995,465,-0.037000000000000005,0.066,1.015,0.0,0.1718874,-0.057295800000000015,-176.60284434,-2.08556712,-50.64375762
4.66,466,-0.037000000000000005,0.066,1.015,0.0,0.286479,0.0,-176.60284434,-2.0912967,-50.64375762
4.67,467,-0.037000000000000005,0.066,1.014,0.0,0.3437748,0.0,-176.60284434,-2.09702628,-50.64375762
4.68,468,-0.037000000000000005,0.065,1.015,0.0,0.3437748,0.0,-176.60284434,-2.09702628,-50.64375762
4.6899999999999995,469,-0.038,0.065,1.015,0.0,0.2291832000000001,0.0,-176.60284434,-2.10275586,-50.64375762
4.7,470,-0.038,0.064,1.015,0.0,0.2291832000000001,0.0,-176.62003308,-2.10275586,-50.64375762
4.71,471,-0.037000000000000005,0.064,1.016,0.0,0.1718874,-0.057295800000000015,-176.62003308,-2.10275586,-50.64375762
4.72,472,-0.038,0.063,1.015,0.0,0.2291832000000001,0.0,-176.62003308,-2.10848544,-50.64375762
4.7299999999999995,473,-0.038,0.063,1.015,0.0,0.1718874,0.0,-176.62003308,-2.10848544,-50.64375762
4.74,474,-0.038,0.065,1.016,0.0,0.1718874,0.0,-176.6143035,-2.11421502,-50.64375762
4.75,475,-0.038,0.064,1.015,0.0,0.11459160000000004,0.057295800000000015,-176.62576266000005,-2.11421502,-50.64375762
4.76,476,-0.037000000000000005,0.065,1.015,0.0,0.11459160000000004,0.057295800000000015,-176.62576266000005,-2.11421502,-50.64375762
4.77,477,-0.039,0.064,1.014,0.0,0.2291832000000001,0.0,-176.62576266000005,-2.1199446,-50.64375762
4.78,478,-0.038,0.067,1.014,0.0,0.2291832000000001,0.0,-176.62576266000005,-2.1199446,-50.64375762
4.79,479,-0.038,0.066,1.014,-0.057295800000000015,0.1718874,0.0,-176.62576266000005,-2.1199446,-50.64375762
4.8,480,-0.039,0.067,1.014,0.0,0.286479,0.11459160000000004,-176.62576266000005,-2.12567418,-50.64375762
4.81,481,-0.038,0.066,1.014,0.0,0.2291832000000001,0.057295800000000015,-176.62576266000005,-2.12567418,-50.6494872
4.82,482,-0.038,0.066,1.014,0.0,0.286479,0.0,-176.62576266000005,-2.13140376,-50.6494872
4.83,483,-0.039,0.067,1.014,0.0,0.1718874,0.0,-176.62003308,-2.13140376,-50.6494872
4.84,484,-0.039,0.069,1.014,0.0,0.057295800000000015,0.057295800000000015,-176.62003308,-2.13140376,-50.6494872
4.85,485,-0.039,0.067,1.013,0.057295800000000015,0.0,0.057295800000000015,-176.6143035,-2.13713334,-50.6494872
4.86,486,-0.039,0.067,1.014,0.1718874,-0.11459160000000004,0.057295800000000015,-176.60857392,-2.13140376,-50.6494872
4.87,487,-0.039,0.068,1.014,0.11459160000000004,-0.11459160000000004,0.0,-176.60857392,-2.13140376,-50.6494872
4.88,488,-0.038,0.067,1.016,0.057295800000000015,-0.057295800000000015,0.0,-176.60857392,-2.13140376,-50.6494872
4.89,489,-0.039,0.067,1.016,0.057295800000000015,0.0,0.0,-176.60857392,-2.13140376,-50.6494872
4.8999999999999995,490,-0.037000000000000005,0.067,1.016,0.0,-0.057295800000000015,0.0,-176.59138518,-2.12567418,-50.65521678
4.91,491,-0.038,0.068,1.0170000000000001,0.0,-0.2291832000000001,0.057295800000000015,-176.59138518,-2.12567418,-50.65521678
4.92,492,-0.039,0.067,1.015,0.0,-0.3437748,0.0,-176.59138518,-2.1199446,-50.65521678
4.93,493,-0.039,0.068,1.015,0.0,-0.2291832000000001,0.057295800000000015,-176.59138518,-2.1199446,-50.65521678
4.9399999999999995,494,-0.038,0.066,1.015,0.0,-0.2291832000000001,0.0,-176.59138518,-2.11421502,-50.65521678
4.95,495,-0.038,0.066,1.014,-0.057295800000000015,-0.1718874,0.057295800000000015,-176.59711476,-2.11421502,-50.65521678
4.96,496,-0.038,0.066,1.015,0.0,-0.2291832000000001,0.0,-176.59711476,-2.11421502,-50.65521678
4.97,497,-0.037000000000000005,0.066,1.014,0.057295800000000015,-0.1718874,0.057295800000000015,-176.59711476,-2.10848544,-50.65521678
4.9799999999999995,498,-0.038,0.066,1.016,0.057295800000000015,-0.057295800000000015,0.0,-176.59711476,-2.10848544,-50.65521678
4.99,499,-0.038,0.065,1.014,0.057295800000000015,-0.057295800000000015,0.0,-176.59711476,-2.10848544,-50.65521678
5.0,500,-0.038,0.065,1.012,0.057295800000000015,-0.1718874,0.0,-176.59711476,-2.10848544,-50.6494872
5.01,501,-0.037000000000000005,0.065,1.013,0.11459160000000004,-0.2291832000000001,0.0,-176.59711476,-2.10848544,-50.6494872
5.02,502,-0.039,0.065,1.015,0.0,-0.286479,0.0,-176.59138518,-2.10275586,-50.6494872
5.03,503,-0.038,0.065,1.016,-0.1718874,-0.3437748,0.0,-176.59711476,-2.10275586,-50.6494872
5.04,504,-0.038,0.066,1.0170000000000001,-0.2291832000000001,-0.11459160000000004,0.0,-176.59711476,-2.09702628,-50.6494872
5.05,505,-0.037000000000000005,0.065,1.014,-0.11459160000000004,0.0,0.0,-176.60857392,-2.09702628,-50.6494872
5.06,506,-0.038,0.064,1.014,-0.057295800000000015,0.2291832000000001,0.0,-176.60857392,-2.09702628,-50.6494872
5.07,507,-0.037000000000000005,0.064,1.015,-0.11459160000000004,0.286479,0.0,-176.60857392,-2.10275586,-50.6494872
5.08,508,-0.038,0.065,1.016,-0.11459160000000004,0.286479,0.0,-176.60857392,-2.10275586,-50.6494872
5.09,509,-0.037000000000000005,0.064,1.016,-0.11459160000000004,0.0,0.0,-176.6143035,-2.10275586,-50.6494872
5.1,510,-0.039,0.065,1.0170000000000001,0.0,-0.11459160000000004,0.0,-176.62576266000005,-2.10848544,-50.6494872
5.11,511,-0.039,0.064,1.016,0.0,-0.11459160000000004,0.0,-176.62576266000005,-2.10848544,-50.6494872
5.12,512,-0.038,0.065,1.015,-0.057295800000000015,-0.11459160000000004,0.0,-176.62576266000005,-2.10275586,-50.6494872
5.13,513,-0.038,0.065,1.014,0.0,-0.057295800000000015,0.0,-176.62576266000005,-2.10275586,-50.6494872
5.14,514,-0.038,0.066,1.012,-0.1718874,0.057295800000000015,0.0,-176.62576266000005,-2.10275586,-50.6494872
5.1499999999999995,515,-0.038,0.066,1.013,-0.1718874,0.2291832000000001,-0.057295800000000015,-176.62576266000005,-2.10848544,-50.6494872
5.16,516,-0.038,0.068,1.014,0.0,0.2291832000000001,0.0,-176.62576266000005,-2.11421502,-50.6494872
5.17,517,-0.039,0.068,1.015,-0.057295800000000015,0.286479,0.0,-176.62576266000005,-2.11421502,-50.6494872
5.18,518,-0.038,0.067,1.013,-0.057295800000000015,0.286479,0.0,-176.62576266000005,-2.1199446,-50.6494872
5.1899999999999995,519,-0.039,0.068,1.013,-0.11459160000000004,0.3437748,0.0,-176.63149224,-2.12567418,-50.6494872
5.2,520,-0.039,0.066,1.013,-0.057295800000000015,0.057295800000000015,0.0,-176.62576266000005,-2.12567418,-50.6494872
5.21,521,-0.038,0.066,1.013,0.0,0.1718874,0.0,-176.62576266000005,-2.13140376,-50.6494872
5.22,522,-0.038,0.066,1.013,0.0,0.0,0.0,-176.62576266000005,-2.13140376,-50.6494872
5.2299999999999995,523,-0.038,0.066,1.015,0.11459160000000004,0.0,0.0,-176.62576266000005,-2.13140376,-50.6494872
5.24,524,-0.038,0.066,1.015,0.11459160000000004,-0.11459160000000004,0.0,-176.62003308,-2.12567418,-50.6494872
5.25,525,-0.038,0.067,1.016,0.1718874,-0.2291832000000001,0.0,-176.6143035,-2.12567418,-50.6494872
5.26,526,-0.038,0.067,1.016,0.11459160000000004,-0.11459160000000004,0.0,-176.6143035,-2.1199446,-50.6494872
5.27,527,-0.038,0.065,1.015,0.057295800000000015,0.0,-0.057295800000000015,-176.6143035,-2.12567418,-50.6494872
5.28,528,-0.039,0.065,1.015,0.057295800000000015,0.057295800000000015,-0.057295800000000015,-176.6143035,-2.12567418,-50.6494872
5.29,529,-0.039,0.065,1.015,0.11459160000000004,0.057295800000000015,0.0,-176.60857392,-2.12567418,-50.6494872
5.3,530,-0.039,0.064,1.016,0.11459160000000004,0.0,-0.057295800000000015,-176.62576266000005,-2.13713334,-50.64375762
5.31,531,-0.038,0.064,1.015,0.0,0.057295800000000015,0.0,-176.62576266000005,-2.13713334,-50.64375762
5.32,532,-0.038,0.064,1.015,0.0,0.0,0.0,-176.62576266000005,-2.13713334,-50.64375762
5.33,533,-0.038,0.064,1.016,-0.057295800000000015,-0.057295800000000015,-0.057295800000000015,-176.62576266000005,-2.13713334,-50.64375762
5.34,534,-0.038,0.063,1.015,0.0,-0.057295800000000015,0.0,-176.62576266000005,-2.13713334,-50.64375762
5.35,535,-0.038,0.063,1.015,-0.057295800000000015,0.0,0.0,-176.66014014,-2.13713334,-50.64375762
5.36,536,-0.038,0.064,1.015,-0.057295800000000015,0.057295800000000015,0.0,-176.66014014,-2.13713334,-50.64375762
5.37,537,-0.038,0.065,1.015,-0.057295800000000015,0.0,0.0,-176.66014014,-2.13713334,-50.64375762
5.38,538,-0.038,0.065,1.014,0.0,0.0,0.0,-176.66014014,-2.13713334,-50.64375762
5.39,539,-0.039,0.066,1.013,-0.057295800000000015,0.057295800000000015,0.0,-176.66014014,-2.13713334,-50.64375762
5.3999999999999995,540,-0.038,0.065,1.015,-0.11459160000000004,-0.057295800000000015,0.0,-176.66586972,-2.13140376,-50.64375762
5.41,541,-0.038,0.065,1.015,-0.11459160000000004,0.11459160000000004,0.0,-176.6715993,-2.13713334,-50.64375762
5.42,542,-0.038,0.066,1.015,-0.057295800000000015,0.057295800000000015,0.0,-176.6715993,-2.13713334,-50.64375762
5.43,543,-0.039,0.066,1.014,-0.057295800000000015,0.1718874,0.0,-176.6715993,-2.13713334,-50.64375762
5.4399999999999995,544,-0.038,0.066,1.015,0.0,0.11459160000000004,0.0,-176.6715993,-2.13713334,-50.64375762
5.45,545,-0.039,0.066,1.015,0.0,0.11459160000000004,0.0,-176.66586972,-2.13713334,-50.64375762
5.46,546,-0.039,0.067,1.016,0.0,0.057295800000000015,0.0,-176.66586972,-2.13713334,-50.64375762
5.47,547,-0.039,0.065,1.014,0.0,0.11459160000000004,0.0,-176.66586972,-2.13713334,-50.64375762
5.4799999999999995,548,-0.038,0.064,1.015,0.0,0.1718874,0.0,-176.66586972,-2.14286292,-50.64375762
5.49,549,-0.039,0.065,1.014,0.0,0.11459160000000004,0.057295800000000015,-176.66586972,-2.14286292,-50.64375762
5.5,550,-0.038,0.066,1.014,0.0,0.057295800000000015,0.0,-176.66014014,-2.1485925000000003,-50.64375762
5.51,551,-0.038,0.065,1.015,0.0,0.0,0.0,-176.66014014,-2.1485925000000003,-50.64375762
5.52,552,-0.039,0.066,1.015,0.057295800000000015,0.0,0.0,-176.66014014,-2.1485925000000003,-50.64375762
5.53,553,-0.039,0.065,1.016,0.057295800000000015,0.057295800000000015,0.0,-176.66014014,-2.15432208,-50.64375762
5.54,554,-0.039,0.066,1.016,0.0,0.057295800000000015,0.0,-176.66014014,-2.15432208,-50.64375762
5.55,555,-0.039,0.066,1.016,0.057295800000000015,0.057295800000000015,0.11459160000000004,-176.65441056,-2.15432208,-50.64375762
5.56,556,-0.039,0.065,1.014,0.057295800000000015,0.0,0.0,-176.65441056,-2.15432208,-50.64375762
5.57,557,-0.039,0.066,1.014,0.057295800000000015,-0.11459160000000004,0.0,-176.65441056,-2.15432208,-50.64375762
5.58,558,-0.039,0.065,1.014,0.11459160000000004,-0.11459160000000004,0.0,-176.65441056,-2.15432208,-50.64375762
5.59,559,-0.038,0.064,1.015,0.057295800000000015,-0.1718874,0.0,-176.65441056,-2.1485925000000003,-50.64375762
5.6,560,-0.038,0.065,1.015,0.057295800000000015,-0.11459160000000004,0.0,-176.65441056,-2.15432208,-50.64375762
5.61,561,-0.038,0.065,1.015,0.0,-0.11459160000000004,0.0,-176.65441056,-2.15432208,-50.64375762
5.62,562,-0.039,0.064,1.015,0.057295800000000015,-0.057295800000000015,0.0,-176.65441056,-2.1485925000000003,-50.64375762
5.63,563,-0.038,0.063,1.015,0.0,0.057295800000000015,0.0,-176.65441056,-2.1485925000000003,-50.6494872
5.64,564,-0.038,0.063,1.014,0.0,0.11459160000000004,0.0,-176.65441056,-2.15432208,-50.6494872
5.6499999999999995,565,-0.038,0.064,1.013,0.057295800000000015,0.0,0.057295800000000015,-176.66014014,-2.15432208,-50.6494872
5.66,566,-0.040999999999999995,0.063,1.014,0.057295800000000015,-0.057295800000000015,0.0,-176.65441056,-2.15432208,-50.6494872
5.67,567,-0.039,0.065,1.015,0.0,-0.11459160000000004,0.0,-176.66014014,-2.15432208,-50.64375762
5.68,568,-0.039,0.065,1.0190000000000001,-0.057295800000000015,-0.286479,0.057295800000000015,-176.66014014,-2.1485925000000003,-50.6494872
5.6899999999999995,569,-0.039,0.066,1.018,-0.1718874,-0.1718874,0.0,-176.66014014,-2.1485925000000003,-50.6494872
5.7,570,-0.039,0.065,1.014,-0.11459160000000004,0.11459160000000004,0.0,-176.66014014,-2.15432208,-50.6494872
5.71,571,-0.039,0.065,1.014,0.0,0.2291832000000001,0.057295800000000015,-176.66014014,-2.16005166,-50.6494872
5.72,572,-0.039,0.064,1.015,-0.11459160000000004,0.286479,0.0,-176.66014014,-2.16005166,-50.6494872
5.7299999999999995,573,-0.04,0.064,1.016,-0.1718874,0.1718874,0.0,-176.66586972,-2.1657812400000003,-50.6494872
5.74,574,-0.039,0.063,1.015,-0.1718874,0.0,0.0,-176.66586972,-2.1657812400000003,-50.6494872
5.75,575,-0.039,0.064,1.0170000000000001,0.0,-0.2291832000000001,0.0,-176.67732887999995,-2.18296998,-50.6494872
5.76,576,-0.039,0.064,1.0170000000000001,0.0,-0.286479,0.0,-176.67732887999995,-2.1772404,-50.6494872
5.77,577,-0.038,0.066,1.016,0.0,-0.1718874,0.057295800000000015,-176.67732887999995,-2.1772404,-50.6494872
5.78,578,-0.039,0.065,1.014,-0.057295800000000015,-0.057295800000000015,0.0,-176.67732887999995,-2.1772404,-50.6494872
5.79,579,-0.039,0.065,1.014,-0.11459160000000004,0.057295800000000015,0.0,-176.68305846,-2.1772404,-50.6494872
5.8,580,-0.04,0.064,1.012,-0.1718874,0.11459160000000004,0.0,-176.68305846,-2.18296998,-50.6494872
5.81,581,-0.038,0.065,1.014,-0.057295800000000015,0.1718874,0.0,-176.68305846,-2.18296998,-50.6494872
5.82,582,-0.039,0.066,1.013,0.0,0.2291832000000001,0.0,-176.68305846,-2.18869956,-50.6494872
5.83,583,-0.04,0.066,1.014,0.0,0.11459160000000004,0.0,-176.68305846,-2.18869956,-50.6494872
5.84,584,-0.039,0.066,1.014,-0.057295800000000015,0.11459160000000004,0.0,-176.68305846,-2.18869956,-50.6494872
5.85,585,-0.039,0.065,1.014,-0.057295800000000015,0.0,0.0,-176.68305846,-2.18869956,-50.6494872
5.86,586,-0.039,0.064,1.014,-0.057295800000000015,-0.057295800000000015,0.0,-176.68305846,-2.18869956,-50.6494872
5.87,587,-0.04,0.064,1.013,-0.057295800000000015,-0.057295800000000015,0.0,-176.68305846,-2.18869956,-50.6494872
5.88,588,-0.039,0.063,1.013,0.057295800000000015,-0.057295800000000015,0.0,-176.68305846,-2.18869956,-50.6494872
5.89,589,-0.039,0.064,1.015,0.2291832000000001,-0.1718874,0.0,-176.67732887999995,-2.18296998,-50.64375762
5.8999999999999995,590,-0.039,0.065,1.0170000000000001,0.11459160000000004,-0.286479,0.0,-176.67732887999995,-2.18296998,-50.64375762
5.91,591,-0.039,0.064,1.0170000000000001,0.057295800000000015,-0.11459160000000004,-0.057295800000000015,-176.6715993,-2.18296998,-50.64375762
5.92,592,-0.039,0.065,1.015,0.1718874,0.0,0.0,-176.6715993,-2.18296998,-50.64375762
5.93,593,-0.039,0.064,1.014,0.1718874,0.057295800000000015,-0.057295800000000015,-176.6715993,-2.18296998,-50.64375762
5.9399999999999995,594,-0.04,0.063,1.014,0.1718874,0.11459160000000004,0.0,-176.66586972,-2.18296998,-50.64375762
5.95,595,-0.039,0.062,1.014,0.11459160000000004,0.0,-0.057295800000000015,-176.67732887999995,-2.18296998,-50.64375762
5.96,596,-0.04,0.062,1.015,0.057295800000000015,0.0,0.0,-176.67732887999995,-2.18296998,-50.64375762
5.97,597,-0.039,0.062,1.015,0.0,-0.057295800000000015,-0.057295800000000015,-176.67732887999995,-2.18296998,-50.64375762
5.9799999999999995,598,-0.039,0.062,1.015,0.057295800000000015,-0.057295800000000015,-0.057295800000000015,-176.67732887999995,-2.18296998,-50.64375762
5.99,599,-0.039,0.064,1.015,0.057295800000000015,-0.057295800000000015,0.0,-176.67732887999995,-2.18296998,-50.64375762
6.0,600,-0.039,0.064,1.015,0.057295800000000015,0.0,-0.057295800000000015,-176.67732887999995,-2.18296998,-50.63802804
6.01,601,-0.04,0.064,1.015,0.11459160000000004,-0.1718874,-0.057295800000000015,-176.6715993,-2.1772404,-50.63802804
6.02,602,-0.039,0.063,1.015,0.057295800000000015,-0.057295800000000015,0.0,-176.6715993,-2.1772404,-50.63802804
6.03,603,-0.039,0.063,1.016,0.057295800000000015,-0.057295800000000015,0.0,-176.6715993,-2.1772404,-50.63802804
6.04,604,-0.039,0.064,1.015,0.11459160000000004,-0.057295800000000015,-0.057295800000000015,-176.6715993,-2.1772404,-50.63802804
6.05,605,-0.039,0.065,1.016,0.1718874,0.0,-0.057295800000000015,-176.66586972,-2.1772404,-50.63802804
6.06,606,-0.04,0.065,1.014,0.11459160000000004,0.0,0.057295800000000015,-176.66586972,-2.1772404,-50.63802804
6.07,607,-0.04,0.065,1.014,0.11459160000000004,0.0,0.0,-176.66586972,-2.18296998,-50.63802804
6.08,608,-0.039,0.066,1.014,0.1718874,0.057295800000000015,0.0,-176.66014014,-2.18296998,-50.63802804
6.09,609,-0.039,0.066,1.013,0.057295800000000015,0.057295800000000015,0.0,-176.66014014,-2.18296998,-50.63802804
6.1,610,-0.039,0.066,1.014,0.11459160000000004,-0.057295800000000015,0.0,-176.65441056,-2.1772404,-50.63802804
6.11,611,-0.039,0.065,1.014,0.057295800000000015,-0.057295800000000015,0.0,-176.65441056,-2.1772404,-50.63802804
6.12,612,-0.04,0.066,1.015,0.11459160000000004,-0.057295800000000015,0.0,-176.65441056,-2.1772404,-50.63802804
6.13,613,-0.039,0.065,1.015,0.11459160000000004,-0.057295800000000015,0.0,-176.65441056,-2.1772404,-50.63802804
6.14,614,-0.039,0.066,1.016,0.11459160000000004,-0.11459160000000004,0.0,-176.64868098,-2.1772404,-50.63802804
6.15,615,-0.038,0.065,1.015,0.1718874,-0.11459160000000004,0.0,-176.64868098,-2.17151082,-50.63802804
6.16,616,-0.039,0.065,1.015,0.1718874,-0.1718874,0.0,-176.64868098,-2.1657812400000003,-50.63802804
6.17,617,-0.039,0.065,1.016,0.11459160000000004,-0.057295800000000015,0.0,-176.64868098,-2.1657812400000003,-50.63802804
6.18,618,-0.04,0.065,1.016,0.057295800000000015,-0.057295800000000015,0.0,-176.6429514,-2.1657812400000003,-50.63802804
6.1899999999999995,619,-0.039,0.066,1.016,0.057295800000000015,0.0,0.0,-176.6429514,-2.1657812400000003,-50.63802804
6.2,620,-0.039,0.066,1.016,0.057295800000000015,0.0,0.0,-176.65441056,-2.1772404,-50.63802804
6.21,621,-0.04,0.065,1.015,0.0,0.0,0.0,-176.65441056,-2.17151082,-50.63802804
6.22,622,-0.040999999999999995,0.064,1.014,0.057295800000000015,-0.057295800000000015,0.0,-176.65441056,-2.17151082,-50.63802804
6.2299999999999995,623,-0.039,0.064,1.015,0.057295800000000015,-0.1718874,0.057295800000000015,-176.64868098,-2.17151082,-50.63802804
6.24,624,-0.04,0.063,1.015,0.0,-0.1718874,0.0,-176.64868098,-2.17151082,-50.63802804
6.25,625,-0.038,0.064,1.015,0.0,-0.11459160000000004,-0.057295800000000015,-176.65441056,-2.17151082,-50.63802804
6.26,626,-0.039,0.065,1.016,0.0,-0.057295800000000015,0.0,-176.65441056,-2.17151082,-50.63802804
6.27,627,-0.038,0.064,1.015,-0.057295800000000015,0.057295800000000015,0.0,-176.65441056,-2.17151082,-50.63802804
6.28,628,-0.039,0.064,1.014,0.0,0.11459160000000004,0.0,-176.65441056,-2.17151082,-50.63802804
6.29,629,-0.039,0.063,1.015,0.0,0.057295800000000015,0.0,-176.65441056,-2.1772404,-50.63802804
6.3,630,-0.039,0.064,1.015,0.0,0.057295800000000015,0.0,-176.66586972,-2.1772404,-50.63802804
6.31,631,-0.039,0.063,1.013,0.057295800000000015,0.0,0.057295800000000015,-176.66586972,-2.1772404,-50.63802804
6.32,632,-0.039,0.063,1.014,0.057295800000000015,0.0,0.057295800000000015,-176.66586972,-2.1772404,-50.63802804
6.33,633,-0.04,0.065,1.015,0.0,-0.057295800000000015,0.057295800000000015,-176.66586972,-2.1772404,-50.63802804
6.34,634,-0.039,0.066,1.016,-0.1718874,-0.1718874,0.0,-176.66586972,-2.1772404,-50.63802804
6.35,635,-0.037000000000000005,0.067,1.018,-0.1718874,-0.2291832000000001,0.0,-176.66586972,-2.1657812400000003,-50.63802804
6.36,636,-0.039,0.065,1.015,-0.057295800000000015,0.0,0.057295800000000015,-176.66586972,-2.1657812400000003,-50.64375762
6.37,637,-0.04,0.065,1.013,0.0,0.1718874,0.0,-176.66586972,-2.17151082,-50.64375762
6.38,638,-0.039,0.065,1.014,-0.057295800000000015,0.2291832000000001,0.0,-176.66586972,-2.17151082,-50.64375762
6.39,639,-0.039,0.063,1.016,-0.057295800000000015,0.286479,0.0,-176.66586972,-2.1772404,-50.64375762
6.4,640,-0.04,0.065,1.0170000000000001,-0.057295800000000015,0.057295800000000015,0.0,-176.66586972,-2.1772404,-50.64375762
6.41,641,-0.04,0.064,1.0170000000000001,0.0,-0.1718874,0.057295800000000015,-176.66586972,-2.1772404,-50.64375762
6.42,642,-0.038,0.064,1.015,0.057295800000000015,-0.3437748,0.0,-176.66586972,-2.17151082,-50.64375762
6.43,643,-0.038,0.066,1.015,0.11459160000000004,-0.286479,0.057295800000000015,-176.66014014,-2.17151082,-50.64375762
6.4399999999999995,644,-0.039,0.065,1.015,0.0,-0.2291832000000001,0.057295800000000015,-176.66014014,-2.1657812400000003,-50.64375762
6.45,645,-0.039,0.065,1.014,-0.057295800000000015,-0.1718874,0.0,-176.66586972,-2.1657812400000003,-50.64375762
6.46,646,-0.039,0.066,1.012,0.0,-0.11459160000000004,0.0,-176.66586972,-2.1657812400000003,-50.64375762
6.47,647,-0.040999999999999995,0.066,1.014,0.0,0.0,0.0,-176.66586972,-2.1657812400000003,-50.64375762
6.4799999999999995,648,-0.039,0.066,1.013,0.057295800000000015,0.1718874,0.0,-176.66014014,-2.1657812400000003,-50.64375762
6.49,649,-0.04,0.067,1.013,0.0,0.057295800000000015,0.0,-176.66014014,-2.17151082,-50.64375762
6.5,650,-0.039,0.067,1.014,0.0,0.11459160000000004,0.0,-176.66014014,-2.1657812400000003,-50.64375762
6.51,651,-0.039,0.065,1.015,0.0,0.057295800000000015,0.0,-176.66014014,-2.17151082,-50.64375762
6.52,652,-0.039,0.065,1.014,0.0,0.057295800000000015,0.0,-176.66014014,-2.17151082,-50.64375762
6.53,653,-0.039,0.065,1.015,0.0,0.0,-0.057295800000000015,-176.66014014,-2.17151082,-50.64375762
6.54,654,-0.039,0.065,1.015,0.057295800000000015,-0.057295800000000015,0.0,-176.66014014,-2.17151082,-50.64375762
6.55,655,-0.04,0.066,1.016,0.11459160000000004,-0.11459160000000004,0.0,-176.66014014,-2.17151082,-50.64375762
6.56,656,-0.039,0.066,1.0170000000000001,0.057295800000000015,-0.2291832000000001,0.0,-176.66014014,-2.1657812400000003,-50.64375762
6.57,657,-0.039,0.065,1.0170000000000001,0.0,-0.1718874,0.0,-176.66014014,-2.1657812400000003,-50.64375762
6.58,658,-0.039,0.065,1.015,0.0,0.0,0.0,-176.65441056,-2.1657812400000003,-50.64375762
6.59,659,-0.038,0.064,1.015,0.0,0.11459160000000004,-0.057295800000000015,-176.65441056,-2.1657812400000003,-50.64375762
6.6,660,-0.038,0.064,1.016,0.0,0.2291832000000001,0.0,-176.66014014,-2.1657812400000003,-50.64375762
6.61,661,-0.038,0.063,1.014,-0.057295800000000015,0.3437748,0.0,-176.66014014,-2.17151082,-50.64375762
6.62,662,-0.039,0.063,1.014,-0.1718874,0.3437748,0.0,-176.66014014,-2.1772404,-50.64375762
6.63,663,-0.039,0.063,1.014,0.0,0.3437748,0.0,-176.66014014,-2.1772404,-50.64375762
6.64,664,-0.039,0.064,1.013,0.0,0.2291832000000001,0.0,-176.66014014,-2.18296998,-50.64375762
6.65,665,-0.039,0.063,1.014,-0.057295800000000015,0.2291832000000001,0.0,-176.66586972,-2.18296998,-50.64375762
6.66,666,-0.04,0.064,1.015,-0.11459160000000004,0.1718874,0.0,-176.66586972,-2.18869956,-50.64375762
6.67,667,-0.039,0.064,1.014,-0.11459160000000004,0.1718874,0.0,-176.6715993,-2.18869956,-50.64375762
6.68,668,-0.039,0.065,1.015,-0.057295800000000015,0.057295800000000015,0.0,-176.6715993,-2.18869956,-50.64375762
6.6899999999999995,669,-0.038,0.066,1.015,-0.057295800000000015,0.11459160000000004,0.0,-176.6715993,-2.18869956,-50.64375762
6.7,670,-0.039,0.067,1.016,-0.057295800000000015,0.057295800000000015,0.0,-176.66014014,-2.19442914,-50.64375762
6.71,671,-0.04,0.066,1.016,-0.057295800000000015,0.1718874,0.0,-176.66014014,-2.19442914,-50.64375762
6.72,672,-0.04,0.067,1.016,0.0,0.2291832000000001,0.0,-176.66014014,-2.20015872,-50.64375762
6.7299999999999995,673,-0.04,0.066,1.016,-0.11459160000000004,0.11459160000000004,0.0,-176.66014014,-2.20015872,-50.64375762
6.74,674,-0.04,0.067,1.015,-0.057295800000000015,0.0,0.0,-176.66586972,-2.20015872,-50.64375762
6.75,675,-0.039,0.067,1.014,-0.057295800000000015,0.0,0.0,-176.65441056,-2.20015872,-50.64375762
6.76,676,-0.04,0.066,1.013,0.0,0.0,0.0,-176.65441056,-2.20015872,-50.64375762
6.77,677,-0.039,0.067,1.013,0.0,-0.11459160000000004,0.0,-176.65441056,-2.20015872,-50.64375762
6.78,678,-0.039,0.067,1.014,0.0,-0.2291832000000001,0.0,-176.65441056,-2.19442914,-50.64375762
6.79,679,-0.038,0.067,1.013,0.0,-0.2291832000000001,0.0,-176.65441056,-2.19442914,-50.64375762
6.8,680,-0.039,0.066,1.013,0.0,-0.1718874,0.0,-176.65441056,-2.18869956,-50.64375762
6.81,681,-0.04,0.066,1.015,0.0,-0.2291832000000001,0.0,-176.65441056,-2.18869956,-50.64375762
6.82,682,-0.04,0.066,1.016,0.0,-0.286479,0.0,-176.65441056,-2.18296998,-50.64375762
6.83,683,-0.039,0.064,1.015,0.0,-0.2291832000000001,-0.057295800000000015,-176.65441056,-2.18296998,-50.64375762
6.84,684,-0.039,0.065,1.016,0.0,-0.1718874,0.0,-176.64868098,-2.18296998,-50.64375762
6.85,685,-0.039,0.066,1.0170000000000001,0.11459160000000004,-0.11459160000000004,0.0,-176.6429514,-2.1772404,-50.64375762
6.86,686,-0.039,0.066,1.016,0.0,0.0,-0.057295800000000015,-176.6429514,-2.1772404,-50.64375762
6.87,687,-0.039,0.066,1.015,0.0,-0.11459160000000004,0.0,-176.6429514,-2.1772404,-50.64375762
6.88,688,-0.039,0.064,1.015,0.0,-0.11459160000000004,0.0,-176.6429514,-2.17151082,-50.64375762
6.89,689,-0.039,0.065,1.015,0.0,-0.057295800000000015,0.0,-176.6429514,-2.17151082,-50.64375762
6.9,690,-0.039,0.065,1.015,0.0,-0.11459160000000004,0.0,-176.65441056,-2.1772404,-50.63802804
6.91,691,-0.039,0.064,1.015,0.0,0.0,0.0,-176.65441056,-2.1772404,-50.63802804
6.92,692,-0.039,0.065,1.015,0.0,0.0,0.0,-176.65441056,-2.1772404,-50.63802804
6.93,693,-0.038,0.064,1.016,0.0,0.0,0.0,-176.65441056,-2.1772404,-50.63802804
6.9399999999999995,694,-0.039,0.065,1.014,0.057295800000000015,0.0,0.0,-176.64868098,-2.1772404,-50.63802804
6.95,695,-0.037000000000000005,0.064,1.014,0.057295800000000015,0.0,0.0,-176.66014014,-2.17151082,-50.63802804
6.96,696,-0.039,0.064,1.011,0.0,0.057295800000000015,0.0,-176.66014014,-2.17151082,-50.63802804
6.97,697,-0.039,0.064,1.013,0.11459160000000004,-0.11459160000000004,0.057295800000000015,-176.65441056,-2.17151082,-50.63802804
6.9799999999999995,698,-0.04,0.064,1.013,0.11459160000000004,-0.11459160000000004,0.0,-176.65441056,-2.17151082,-50.63802804
6.99,699,-0.04,0.066,1.015,0.0,-0.1718874,0.0,-176.65441056,-2.1657812400000003,-50.63802804
7.0,700,-0.04,0.068,1.0190000000000001,0.0,-0.286479,0.0,-176.64868098,-2.16005166,-50.63802804
7.01,701,-0.038,0.068,1.018,-0.1718874,-0.2291832000000001,0.0,-176.64868098,-2.16005166,-50.63802804
7.02,702,-0.038,0.067,1.015,-0.11459160000000004,-0.057295800000000015,0.0,-176.64868098,-2.16005166,-50.63802804
7.03,703,-0.038,0.066,1.013,-0.057295800000000015,0.1718874,0.0,-176.64868098,-2.16005166,-50.63802804
7.04,704,-0.038,0.065,1.018,-0.11459160000000004,0.286479,0.0,-176.65441056,-2.1657812400000003,-50.63802804
7.05,705,-0.039,0.064,1.0170000000000001,-0.1718874,0.1718874,0.0,-176.66586972,-2.17151082,-50.63802804
7.06,706,-0.039,0.065,1.016,-0.057295800000000015,0.0,0.0,-176.66586972,-2.17151082,-50.63802804
7.07,707,-0.039,0.065,1.015,0.057295800000000015,-0.11459160000000004,0.057295800000000015,-176.66586972,-2.17151082,-50.64375762
7.08,708,-0.038,0.065,1.016,0.11459160000000004,-0.2291832000000001,0.0,-176.66586972,-2.1657812400000003,-50.64375762
7.09,709,-0.039,0.066,1.015,0.11459160000000004,-0.057295800000000015,0.0,-176.66014014,-2.1657812400000003,-50.64375762
7.1,710,-0.039,0.065,1.014,0.0,0.0,0.0,-176.66014014,-2.17151082,-50.64375762
7.11,711,-0.039,0.066,1.014,0.0,-0.057295800000000015,0.0,-176.66014014,-2.17151082,-50.64375762
7.12,712,-0.039,0.067,1.014,0.0,0.0,0.0,-176.66014014,-2.17151082,-50.64375762
7.13,713,-0.039,0.068,1.014,0.0,0.0,0.0,-176.65441056,-2.17151082,-50.64375762
7.14,714,-0.039,0.069,1.015,0.057295800000000015,0.0,0.0,-176.65441056,-2.17151082,-50.64375762
7.15,715,-0.038,0.068,1.014,-0.11459160000000004,0.057295800000000015,0.0,-176.6429514,-2.1657812400000003,-50.64375762
7.16,716,-0.039,0.067,1.014,-0.1718874,0.2291832000000001,0.0,-176.64868098,-2.1657812400000003,-50.64375762
7.17,717,-0.039,0.067,1.014,-0.057295800000000015,0.1718874,0.0,-176.64868098,-2.1657812400000003,-50.64375762
7.18,718,-0.038,0.066,1.014,0.0,0.1718874,0.0,-176.64868098,-2.17151082,-50.64375762
7.1899999999999995,719,-0.039,0.066,1.016,0.11459160000000004,0.0,0.0,-176.6429514,-2.17151082,-50.64375762
7.2,720,-0.039,0.067,1.015,0.11459160000000004,-0.11459160000000004,0.0,-176.63722182,-2.1657812400000003,-50.64375762
7.21,721,-0.039,0.066,1.0170000000000001,0.057295800000000015,-0.2291832000000001,0.0,-176.63722182,-2.1657812400000003,-50.64375762
7.22,722,-0.039,0.066,1.0170000000000001,0.11459160000000004,-0.3437748,0.0,-176.63722182,-2.16005166,-50.64375762
7.2299999999999995,723,-0.039,0.065,1.015,0.057295800000000015,-0.2291832000000001,0.0,-176.63149224,-2.16005166,-50.64375762
7.24,724,-0.038,0.065,1.015,0.11459160000000004,-0.057295800000000015,0.0,-176.63149224,-2.16005166,-50.64375762
7.25,725,-0.038,0.065,1.016,0.0,0.057295800000000015,0.0,-176.6429514,-2.15432208,-50.64375762
7.26,726,-0.039,0.065,1.015,0.0,0.0,0.0,-176.6429514,-2.15432208,-50.64375762
7.27,727,-0.038,0.064,1.013,0.0,0.0,0.057295800000000015,-176.6429514,-2.15432208,-50.64375762
7.28,728,-0.038,0.064,1.013,0.0,-0.11459160000000004,0.0,-176.6429514,-2.15432208,-50.64375762
7.29,729,-0.038,0.064,1.013,0.0,-0.2291832000000001,0.0,-176.6429514,-2.1485925000000003,-50.64375762
7.3,730,-0.038,0.063,1.014,0.0,-0.1718874,0.0,-176.64868098,-2.14286292,-50.64375762
7.31,731,-0.038,0.063,1.014,0.0,-0.1718874,0.0,-176.64868098,-2.14286292,-50.64375762
7.32,732,-0.038,0.064,1.015,0.0,-0.11459160000000004,0.0,-176.64868098,-2.13713334,-50.64375762
7.33,733,-0.038,0.063,1.015,0.0,0.0,0.0,-176.64868098,-2.13713334,-50.64375762
7.34,734,-0.039,0.064,1.0170000000000001,0.0,0.0,0.0,-176.64868098,-2.13713334,-50.64375762
7.35,735,-0.038,0.065,1.0170000000000001,0.057295800000000015,0.057295800000000015,0.057295800000000015,-176.65441056,-2.13713334,-50.64375762
7.36,736,-0.039,0.066,1.0170000000000001,-0.057295800000000015,0.1718874,0.0,-176.65441056,-2.13713334,-50.64375762
7.37,737,-0.038,0.066,1.015,-0.11459160000000004,0.40107059999999994,0.0,-176.65441056,-2.14286292,-50.6494872
7.38,738,-0.038,0.066,1.015,-0.11459160000000004,0.4583664000000001,0.057295800000000015,-176.65441056,-2.1485925000000003,-50.6494872
7.39,739,-0.038,0.067,1.014,-0.11459160000000004,0.4583664000000001,0.0,-176.66014014,-2.15432208,-50.6494872
7.4,740,-0.039,0.068,1.014,-0.11459160000000004,0.3437748,0.0,-176.65441056,-2.16005166,-50.6494872
7.41,741,-0.038,0.068,1.014,-0.057295800000000015,0.286479,0.0,-176.65441056,-2.16005166,-50.6494872
7.42,742,-0.038,0.068,1.013,-0.11459160000000004,0.286479,0.0,-176.65441056,-2.1657812400000003,-50.6494872
7.43,743,-0.038,0.068,1.014,-0.057295800000000015,0.2291832000000001,0.0,-176.65441056,-2.1657812400000003,-50.6494872
7.4399999999999995,744,-0.038,0.068,1.014,0.0,0.286479,0.0,-176.65441056,-2.17151082,-50.6494872
7.45,745,-0.038,0.067,1.014,0.0,0.2291832000000001,0.0,-176.64868098,-2.17151082,-50.6494872
7.46,746,-0.038,0.067,1.015,0.0,0.2291832000000001,-0.057295800000000015,-176.64868098,-2.17151082,-50.6494872
7.47,747,-0.039,0.068,1.015,0.0,0.1718874,0.0,-176.64868098,-2.1772404,-50.6494872
7.4799999999999995,748,-0.039,0.068,1.014,0.0,0.286479,-0.057295800000000015,-176.64868098,-2.1772404,-50.6494872
7.49,749,-0.039,0.067,1.015,-0.057295800000000015,0.286479,-0.11459160000000004,-176.64868098,-2.18296998,-50.64375762
7.5,750,-0.039,0.067,1.015,0.0,0.2291832000000001,0.0,-176.6429514,-2.18296998,-50.64375762
7.51,751,-0.04,0.067,1.015,0.0,0.2291832000000001,0.0,-176.6429514,-2.18869956,-50.64375762
7.52,752,-0.039,0.066,1.014,0.0,0.1718874,-0.057295800000000015,-176.6429514,-2.18869956,-50.64375762
7.53,753,-0.038,0.066,1.015,0.0,0.057295800000000015,-0.11459160000000004,-176.6429514,-2.18869956,-50.64375762
7.54,754,-0.04,0.065,1.014,0.0,0.0,-0.057295800000000015,-176.6429514,-2.18869956,-50.64375762
7.55,755,-0.04,0.064,1.015,0.0,0.0,-0.057295800000000015,-176.64868098,-2.18869956,-50.64375762
7.56,756,-0.038,0.064,1.015,0.0,0.0,-0.057295800000000015,-176.64868098,-2.18869956,-50.63802804
7.57,757,-0.039,0.066,1.016,0.0,0.11459160000000004,0.0,-176.64868098,-2.18869956,-50.63802804
7.58,758,-0.039,0.065,1.014,0.0,0.11459160000000004,0.0,-176.64868098,-2.18869956,-50.63802804
7.59,759,-0.039,0.065,1.015,-0.11459160000000004,0.1718874,0.0,-176.64868098,-2.19442914,-50.63802804
7.6,760,-0.039,0.063,1.014,-0.11459160000000004,0.1718874,0.0,-176.66586972,-2.19442914,-50.63802804
7.61,761,-0.039,0.063,1.012,-0.057295800000000015,0.0,0.0,-176.66586972,-2.19442914,-50.63802804
7.62,762,-0.039,0.063,1.014,0.0,-0.11459160000000004,0.0,-176.66586972,-2.19442914,-50.63802804
7.63,763,-0.04,0.064,1.014,-0.11459160000000004,-0.11459160000000004,0.0,-176.66586972,-2.18869956,-50.63802804
7.64,764,-0.039,0.065,1.016,-0.11459160000000004,-0.2291832000000001,0.0,-176.6715993,-2.18869956,-50.63802804
7.65,765,-0.038,0.067,1.0190000000000001,-0.286479,-0.3437748,0.0,-176.66586972,-2.18296998,-50.63802804
7.66,766,-0.039,0.066,1.018,-0.2291832000000001,-0.2291832000000001,0.0,-176.6715993,-2.1772404,-50.63802804
7.67,767,-0.039,0.065,1.013,-0.286479,0.0,0.0,-176.6715993,-2.1772404,-50.63802804
7.68,768,-0.037000000000000005,0.066,1.015,-0.1718874,0.11459160000000004,0.0,-176.67732887999995,-2.1772404,-50.63802804
7.6899999999999995,769,-0.038,0.066,1.016,-0.1718874,0.0,0.0,-176.67732887999995,-2.1772404,-50.63802804
7.7,770,-0.038,0.066,1.0170000000000001,-0.2291832000000001,-0.057295800000000015,0.0,-176.6715993,-2.1772404,-50.63802804
7.71,771,-0.039,0.066,1.0170000000000001,-0.11459160000000004,-0.2291832000000001,0.057295800000000015,-176.6715993,-2.1772404,-50.63802804
7.72,772,-0.038,0.066,1.016,-0.11459160000000004,-0.286479,0.0,-176.6715993,-2.17151082,-50.63802804
7.7299999999999995,773,-0.038,0.066,1.0170000000000001,-0.057295800000000015,-0.11459160000000004,0.0,-176.6715993,-2.17151082,-50.63802804
7.74,774,-0.038,0.067,1.015,0.0,-0.11459160000000004,0.0,-176.67732887999995,-2.17151082,-50.63802804
7.75,775,-0.039,0.066,1.013,0.0,-0.057295800000000015,0.0,-176.66586972,-2.17151082,-50.63802804
7.76,776,-0.038,0.067,1.011,0.057295800000000015,-0.057295800000000015,0.0,-176.66586972,-2.17151082,-50.63802804
7.77,777,-0.039,0.068,1.01,0.11459160000000004,0.0,0.0,-176.66014014,-2.17151082,-50.63802804
7.78,778,-0.038,0.068,1.013,0.286479,-0.11459160000000004,0.0,-176.66014014,-2.17151082,-50.63802804
7.79,779,-0.039,0.07,1.014,0.2291832000000001,0.0,0.0,-176.65441056,-2.17151082,-50.63802804
7.8,780,-0.039,0.068,1.015,-0.057295800000000015,-0.057295800000000015,0.0,-176.64868098,-2.1657812400000003,-50.63802804
7.81,781,-0.038,0.066,1.016,-0.11459160000000004,-0.057295800000000015,0.0,-176.64868098,-2.1657812400000003,-50.63802804
7.82,782,-0.04,0.065,1.016,-0.1718874,-0.057295800000000015,0.0,-176.64868098,-2.1657812400000003,-50.63802804
7.83,783,-0.039,0.064,1.016,0.0,-0.11459160000000004,0.0,-176.64868098,-2.16005166,-50.63802804
7.84,784,-0.039,0.063,1.0170000000000001,0.057295800000000015,-0.11459160000000004,0.0,-176.64868098,-2.16005166,-50.63802804
7.85,785,-0.039,0.064,1.018,0.0,-0.1718874,0.0,-176.64868098,-2.16005166,-50.63802804
7.86,786,-0.038,0.064,1.016,0.057295800000000015,-0.11459160000000004,0.0,-176.64868098,-2.16005166,-50.63802804
7.87,787,-0.039,0.064,1.014,0.1718874,-0.1718874,0.0,-176.64868098,-2.15432208,-50.63802804
7.88,788,-0.039,0.063,1.013,0.3437748,-0.057295800000000015,0.0,-176.6429514,-2.15432208,-50.63802804
7.89,789,-0.038,0.062,1.012,0.40107059999999994,0.0,0.057295800000000015,-176.63722182,-2.15432208,-50.63802804
7.9,790,-0.039,0.065,1.011,0.40107059999999994,0.0,0.0,-176.63722182,-2.15432208,-50.63802804
7.91,791,-0.039,0.066,1.015,0.1718874,0.057295800000000015,0.0,-176.63722182,-2.15432208,-50.63802804
7.92,792,-0.039,0.065,1.014,0.0,0.0,0.0,-176.63722182,-2.15432208,-50.63802804
7.93,793,-0.038,0.064,1.015,0.0,0.057295800000000015,0.0,-176.63722182,-2.15432208,-50.63802804
7.94,794,-0.038,0.064,1.016,0.0,0.057295800000000015,0.0,-176.63722182,-2.16005166,-50.64375762
7.95,795,-0.039,0.064,1.018,-0.057295800000000015,0.057295800000000015,0.057295800000000015,-176.64868098,-2.15432208,-50.64375762
7.96,796,-0.039,0.064,1.0170000000000001,-0.11459160000000004,0.057295800000000015,0.0,-176.64868098,-2.15432208,-50.64375762
7.97,797,-0.039,0.066,1.016,-0.11459160000000004,0.0,0.057295800000000015,-176.64868098,-2.15432208,-50.64375762
7.9799999999999995,798,-0.039,0.067,1.013,-0.1718874,0.057295800000000015,0.0,-176.65441056,-2.15432208,-50.64375762
7.99,799,-0.039,0.068,1.015,-0.057295800000000015,0.11459160000000004,0.0,-176.65441056,-2.16005166,-50.64375762
8.0,800,-0.038,0.067,1.013,0.0,0.11459160000000004,0.0,-176.63149224,-2.15432208,-50.64375762
8.01,801,-0.039,0.068,1.013,0.0,0.11459160000000004,0.057295800000000015,-176.63149224,-2.16005166,-50.64375762
8.02,802,-0.039,0.067,1.012,0.0,0.11459160000000004,0.0,-176.63149224,-2.16005166,-50.64375762
8.03,803,-0.039,0.068,1.013,0.057295800000000015,0.057295800000000015,0.057295800000000015,-176.63149224,-2.16005166,-50.64375762
8.04,804,-0.039,0.067,1.014,0.057295800000000015,0.0,0.0,-176.63149224,-2.16005166,-50.6494872
8.05,805,-0.039,0.067,1.011,0.057295800000000015,-0.057295800000000015,0.0,-176.60857392,-2.16005166,-50.6494872
8.06,806,-0.039,0.066,1.015,0.057295800000000015,0.0,0.0,-176.60857392,-2.16005166,-50.6494872
8.07,807,-0.039,0.066,1.015,0.0,-0.11459160000000004,0.0,-176.60857392,-2.15432208,-50.6494872
8.08,808,-0.039,0.067,1.014,0.0,-0.057295800000000015,0.0,-176.60857392,-2.15432208,-50.64375762
8.09,809,-0.039,0.066,1.013,0.057295800000000015,-0.11459160000000004,0.0,-176.60284434,-2.15432208,-50.64375762
8.1,810,-0.039,0.066,1.015,0.11459160000000004,-0.11459160000000004,-0.057295800000000015,-176.60857392,-2.15432208,-50.64375762
8.11,811,-0.038,0.066,1.015,0.0,0.0,0.0,-176.60857392,-2.15432208,-50.64375762
8.12,812,-0.039,0.064,1.015,-0.057295800000000015,-0.057295800000000015,0.0,-176.60857392,-2.15432208,-50.64375762
8.13,813,-0.04,0.064,1.015,-0.11459160000000004,0.0,-0.057295800000000015,-176.60857392,-2.15432208,-50.64375762
8.14,814,-0.038,0.063,1.015,-0.11459160000000004,0.057295800000000015,0.0,-176.60857392,-2.15432208,-50.64375762
8.15,815,-0.038,0.062,1.014,0.0,0.057295800000000015,0.0,-176.63722182,-2.16005166,-50.64375762
8.16,816,-0.039,0.065,1.015,0.0,0.1718874,0.0,-176.63722182,-2.16005166,-50.64375762
8.17,817,-0.039,0.064,1.015,0.0,0.0,0.0,-176.63722182,-2.16005166,-50.64375762
8.18,818,-0.039,0.065,1.015,0.0,-0.057295800000000015,0.0,-176.63722182,-2.16005166,-50.64375762
8.19,819,-0.039,0.065,1.015,0.0,-0.1718874,0.0,-176.63722182,-2.15432208,-50.64375762
8.2,820,-0.038,0.065,1.016,0.0,-0.11459160000000004,0.0,-176.6429514,-2.15432208,-50.64375762
8.209999999999999,821,-0.038,0.065,1.015,0.0,0.057295800000000015,-0.057295800000000015,-176.6429514,-2.15432208,-50.63802804
8.22,822,-0.039,0.064,1.014,-0.057295800000000015,0.11459160000000004,-0.057295800000000015,-176.6429514,-2.15432208,-50.63802804
8.23,823,-0.039,0.065,1.014,0.0,0.057295800000000015,0.0,-176.6429514,-2.15432208,-50.63802804
8.24,824,-0.038,0.066,1.015,0.0,0.11459160000000004,0.0,-176.6429514,-2.16005166,-50.63802804
8.25,825,-0.039,0.067,1.014,0.0,0.1718874,0.0,-176.63722182,-2.16005166,-50.63802804
8.26,826,-0.039,0.067,1.012,0.0,0.286479,0.0,-176.63722182,-2.16005166,-50.63802804
8.27,827,-0.04,0.067,1.012,0.0,0.057295800000000015,0.0,-176.63722182,-2.1657812400000003,-50.63802804
8.28,828,-0.039,0.067,1.015,-0.057295800000000015,0.0,0.0,-176.63722182,-2.1657812400000003,-50.63802804
8.29,829,-0.039,0.067,1.015,-0.2291832000000001,0.0,0.0,-176.63722182,-2.1657812400000003,-50.63802804
8.3,830,-0.039,0.065,1.0170000000000001,-0.286479,-0.1718874,0.0,-176.63722182,-2.1657812400000003,-50.63802804
8.31,831,-0.039,0.065,1.016,-0.1718874,-0.057295800000000015,0.0,-176.6429514,-2.16005166,-50.63802804
8.32,832,-0.039,0.066,1.013,0.0,0.0,0.0,-176.6429514,-2.1657812400000003,-50.63802804
8.33,833,-0.039,0.066,1.016,-0.057295800000000015,0.057295800000000015,0.0,-176.6429514,-2.1657812400000003,-50.63802804
8.34,834,-0.039,0.065,1.0170000000000001,-0.057295800000000015,0.11459160000000004,0.0,-176.6429514,-2.1657812400000003,-50.63802804
8.35,835,-0.04,0.065,1.0170000000000001,0.0,-0.057295800000000015,0.0,-176.6429514,-2.17151082,-50.63802804
8.36,836,-0.039,0.065,1.0170000000000001,0.0,-0.11459160000000004,0.0,-176.63722182,-2.17151082,-50.63802804
8.37,837,-0.039,0.065,1.016,0.057295800000000015,-0.1718874,0.0,-176.63722182,-2.17151082,-50.63802804
8.38,838,-0.038,0.064,1.016,0.0,-0.057295800000000015,0.0,-176.63722182,-2.17151082,-50.63802804
8.39,839,-0.039,0.064,1.013,-0.057295800000000015,-0.057295800000000015,0.0,-176.63722182,-2.17151082,-50.63802804
8.4,840,-0.039,0.065,1.013,0.0,0.0,0.0,-176.6715993,-2.19442914,-50.63802804
8.41,841,-0.039,0.066,1.013,0.0,0.057295800000000015,0.0,-176.6715993,-2.19442914,-50.63802804
8.42,842,-0.039,0.065,1.013,0.11459160000000004,0.0,0.0,-176.6715993,-2.19442914,-50.63802804
8.43,843,-0.039,0.066,1.013,0.11459160000000004,0.0,0.0,-176.66586972,-2.19442914,-50.63802804
8.44,844,-0.04,0.066,1.014,0.0,0.0,0.0,-176.66586972,-2.19442914,-50.63802804
8.45,845,-0.039,0.067,1.015,-0.1718874,0.0,0.0,-176.66014014,-2.19442914,-50.63802804
8.459999999999999,846,-0.039,0.067,1.014,-0.11459160000000004,0.0,0.0,-176.66586972,-2.19442914,-50.63802804
8.47,847,-0.038,0.065,1.014,-0.11459160000000004,0.0,0.057295800000000015,-176.66586972,-2.19442914,-50.63802804
8.48,848,-0.039,0.065,1.014,0.0,-0.057295800000000015,0.0,-176.66586972,-2.19442914,-50.63802804
8.49,849,-0.039,0.066,1.018,0.0,0.0,0.0,-176.66586972,-2.19442914,-50.63802804
8.5,850,-0.039,0.066,1.018,0.057295800000000015,0.0,0.0,-176.6429514,-2.19442914,-50.63802804
8.51,851,-0.039,0.064,1.015,0.0,0.057295800000000015,0.0,-176.6429514,-2.19442914,-50.63802804
8.52,852,-0.039,0.068,1.018,0.0,0.11459160000000004,0.0,-176.6429514,-2.19442914,-50.63802804
8.53,853,-0.038,0.066,1.0170000000000001,0.0,0.1718874,0.0,-176.6429514,-2.19442914,-50.63802804
8.54,854,-0.04,0.065,1.016,-0.11459160000000004,0.3437748,0.0,-176.6429514,-2.20015872,-50.63802804
8.55,855,-0.039,0.064,1.013,-0.11459160000000004,0.40107059999999994,0.0,-176.64868098,-2.2058883,-50.64375762
8.56,856,-0.039,0.065,1.013,-0.11459160000000004,0.40107059999999994,0.0,-176.65441056,-2.2058883,-50.64375762
8.57,857,-0.039,0.065,1.013,-0.11459160000000004,0.3437748,0.0,-176.65441056,-2.21161788,-50.64375762
8.58,858,-0.039,0.064,1.013,-0.1718874,0.286479,0.0,-176.65441056,-2.21161788,-50.64375762
8.59,859,-0.04,0.064,1.014,-0.1718874,0.286479,0.0,-176.66014014,-2.21734746,-50.64375762
8.6,860,-0.04,0.063,1.015,-0.1718874,0.286479,0.0,-176.66586972,-2.22307704,-50.64375762
8.61,861,-0.039,0.063,1.016,-0.1718874,0.2291832000000001,0.0,-176.6715993,-2.22307704,-50.64375762
8.62,862,-0.039,0.063,1.016,-0.2291832000000001,0.286479,0.0,-176.6715993,-2.22880662,-50.64375762
8.63,863,-0.04,0.063,1.014,-0.11459160000000004,0.286479,0.057295800000000015,-176.6715993,-2.22880662,-50.64375762
8.64,864,-0.04,0.062,1.016,-0.057295800000000015,0.286479,0.0,-176.67732887999995,-2.2345362,-50.64375762
8.65,865,-0.04,0.064,1.016,-0.11459160000000004,0.286479,0.0,-176.68305846,-2.24026578,-50.64375762
8.66,866,-0.04,0.064,1.016,-0.057295800000000015,0.2291832000000001,0.057295800000000015,-176.68305846,-2.24026578,-50.64375762
8.67,867,-0.04,0.065,1.016,-0.057295800000000015,0.1718874,0.057295800000000015,-176.68305846,-2.24599536,-50.64375762
8.68,868,-0.04,0.065,1.016,-0.11459160000000004,0.11459160000000004,0.0,-176.68305846,-2.24599536,-50.64375762
8.69,869,-0.04,0.065,1.016,-0.1718874,0.11459160000000004,0.0,-176.68878804000005,-2.24599536,-50.64375762
8.7,870,-0.04,0.063,1.015,-0.11459160000000004,0.0,0.057295800000000015,-176.69451762,-2.24026578,-50.6494872
8.71,871,-0.04,0.065,1.015,-0.11459160000000004,0.057295800000000015,0.0,-176.70024719999995,-2.24599536,-50.6494872
8.72,872,-0.040999999999999995,0.065,1.014,-0.057295800000000015,0.0,0.057295800000000015,-176.70024719999995,-2.24599536,-50.6494872
8.73,873,-0.04,0.066,1.014,-0.057295800000000015,0.0,0.057295800000000015,-176.70024719999995,-2.24599536,-50.6494872
8.74,874,-0.04,0.065,1.014,0.0,-0.057295800000000015,0.0,-176.70024719999995,-2.24026578,-50.6494872
8.75,875,-0.04,0.066,1.014,0.0,0.0,0.0,-176.68878804000005,-2.25172494,-50.6494872
8.76,876,-0.04,0.065,1.014,0.0,-0.1718874,0.0,-176.68878804000005,-2.25172494,-50.6494872
8.77,877,-0.04,0.066,1.014,0.057295800000000015,-0.11459160000000004,0.0,-176.68878804000005,-2.25172494,-50.6494872
8.78,878,-0.04,0.065,1.014,0.0,-0.2291832000000001,0.057295800000000015,-176.68305846,-2.24599536,-50.6494872
8.79,879,-0.04,0.066,1.014,0.0,-0.2291832000000001,0.0,-176.68305846,-2.24599536,-50.6494872
8.8,880,-0.040999999999999995,0.066,1.015,0.0,-0.2291832000000001,0.0,-176.68305846,-2.24599536,-50.6494872
8.81,881,-0.04,0.066,1.015,0.057295800000000015,-0.2291832000000001,0.0,-176.68305846,-2.24026578,-50.6494872
8.82,882,-0.04,0.064,1.015,0.057295800000000015,-0.1718874,0.0,-176.68305846,-2.24026578,-50.6494872
8.83,883,-0.04,0.065,1.016,0.11459160000000004,-0.1718874,0.0,-176.67732887999995,-2.2345362,-50.6494872
8.84,884,-0.040999999999999995,0.065,1.015,0.057295800000000015,-0.1718874,0.0,-176.67732887999995,-2.2345362,-50.6494872
8.85,885,-0.040999999999999995,0.064,1.016,0.057295800000000015,-0.286479,0.0,-176.68305846,-2.2345362,-50.6494872
8.86,886,-0.040999999999999995,0.064,1.015,0.0,-0.3437748,0.0,-176.68305846,-2.22880662,-50.6494872
8.87,887,-0.039,0.064,1.016,0.0,-0.11459160000000004,0.0,-176.68305846,-2.22880662,-50.6494872
8.88,888,-0.04,0.064,1.015,0.057295800000000015,-0.1718874,0.0,-176.68305846,-2.22880662,-50.6494872
8.89,889,-0.04,0.064,1.013,0.057295800000000015,-0.057295800000000015,-0.11459160000000004,-176.67732887999995,-2.22880662,-50.6494872
8.9,890,-0.040999999999999995,0.063,1.014,0.0,0.0,-0.057295800000000015,-176.68878804000005,-2.22880662,-50.64375762
8.91,891,-0.04,0.064,1.014,0.057295800000000015,-0.057295800000000015,0.0,-176.68878804000005,-2.22880662,-50.64375762
8.92,892,-0.04,0.063,1.012,0.0,0.0,-0.057295800000000015,-176.68878804000005,-2.22880662,-50.64375762
8.93,893,-0.04,0.061,1.012,0.0,-0.057295800000000015,-0.057295800000000015,-176.68878804000005,-2.22307704,-50.64375762
8.94,894,-0.04,0.062,1.014,0.0,-0.11459160000000004,0.0,-176.68878804000005,-2.22307704,-50.64375762
8.95,895,-0.04,0.063,1.015,-0.11459160000000004,0.0,-0.057295800000000015,-176.69451762,-2.22880662,-50.64375762
8.96,896,-0.04,0.064,1.0170000000000001,-0.11459160000000004,-0.1718874,0.0,-176.69451762,-2.22880662,-50.64375762
8.97,897,-0.04,0.064,1.0170000000000001,-0.1718874,-0.057295800000000015,0.0,-176.69451762,-2.22307704,-50.64375762
8.98,898,-0.04,0.063,1.014,0.0,0.057295800000000015,0.0,-176.70024719999995,-2.22880662,-50.64375762
8.99,899,-0.04,0.064,1.014,0.0,0.2291832000000001,-0.057295800000000015,-176.69451762,-2.22880662,-50.63802804
9.0,900,-0.04,0.064,1.014,0.0,0.2291832000000001,0.0,-176.70597678,-2.2345362,-50.63802804
9.01,901,-0.040999999999999995,0.063,1.016,-0.057295800000000015,0.1718874,0.0,-176.70597678,-2.2345362,-50.63802804
9.02,902,-0.040999999999999995,0.062,1.015,0.0,0.0,0.0,-176.70597678,-2.2345362,-50.63802804
9.03,903,-0.040999999999999995,0.063,1.016,0.057295800000000015,-0.11459160000000004,0.0,-176.70597678,-2.2345362,-50.63802804
9.04,904,-0.040999999999999995,0.064,1.016,0.1718874,-0.2291832000000001,0.0,-176.70597678,-2.22880662,-50.63802804
9.05,905,-0.040999999999999995,0.065,1.0170000000000001,0.11459160000000004,-0.2291832000000001,0.057295800000000015,-176.70597678,-2.22880662,-50.63802804
9.06,906,-0.040999999999999995,0.063,1.016,0.1718874,-0.2291832000000001,0.057295800000000015,-176.70597678,-2.22880662,-50.63802804
9.07,907,-0.042,0.065,1.015,0.0,-0.057295800000000015,0.0,-176.70597678,-2.22880662,-50.63802804
9.08,908,-0.04,0.064,1.014,0.0,-0.057295800000000015,0.0,-176.70597678,-2.22880662,-50.63802804
9.09,909,-0.040999999999999995,0.064,1.013,0.11459160000000004,-0.057295800000000015,0.0,-176.70024719999995,-2.22307704,-50.63802804
9.1,910,-0.04,0.066,1.013,0.286479,0.0,0.0,-176.69451762,-2.22880662,-50.63802804
9.11,911,-0.042,0.065,1.014,0.286479,0.0,0.0,-176.69451762,-2.22880662,-50.63802804
9.12,912,-0.04,0.064,1.013,0.1718874,-0.057295800000000015,0.0,-176.68878804000005,-2.22880662,-50.63802804
9.13,913,-0.040999999999999995,0.065,1.013,0.2291832000000001,-0.1718874,0.0,-176.68878804000005,-2.22307704,-50.63802804
9.14,914,-0.040999999999999995,0.065,1.014,0.2291832000000001,-0.1718874,0.0,-176.68305846,-2.22307704,-50.63802804
9.15,915,-0.040999999999999995,0.064,1.013,0.286479,-0.2291832000000001,0.0,-176.68305846,-2.21734746,-50.63802804
9.16,916,-0.04,0.064,1.014,0.286479,-0.3437748,0.0,-176.67732887999995,-2.21734746,-50.63802804
9.17,917,-0.04,0.066,1.016,0.286479,-0.4583664000000001,0.0,-176.6715993,-2.21161788,-50.63802804
9.18,918,-0.04,0.064,1.0170000000000001,0.3437748,-0.4583664000000001,0.0,-176.6715993,-2.2058883,-50.63802804
9.19,919,-0.040999999999999995,0.066,1.0170000000000001,0.40107059999999994,-0.572958,0.0,-176.66586972,-2.20015872,-50.63802804
9.2,920,-0.04,0.065,1.018,0.40107059999999994,-0.3437748,0.0,-176.66586972,-2.20015872,-50.63802804
9.21,921,-0.039,0.063,1.016,0.40107059999999994,-0.2291832000000001,0.0,-176.66014014,-2.19442914,-50.63802804
9.22,922,-0.04,0.064,1.015,0.286479,-0.11459160000000004,0.0,-176.66014014,-2.19442914,-50.63802804
9.23,923,-0.04,0.064,1.014,0.286479,-0.11459160000000004,0.0,-176.65441056,-2.19442914,-50.63802804
9.24,924,-0.04,0.062,1.014,0.1718874,-0.11459160000000004,0.0,-176.65441056,-2.19442914,-50.63802804
9.25,925,-0.04,0.063,1.013,0.2291832000000001,-0.11459160000000004,0.0,-176.66014014,-2.19442914,-50.63802804
9.26,926,-0.04,0.064,1.013,0.1718874,-0.1718874,0.057295800000000015,-176.65441056,-2.18869956,-50.63802804
9.27,927,-0.04,0.062,1.014,0.2291832000000001,-0.2291832000000001,0.0,-176.65441056,-2.18869956,-50.63802804
9.28,928,-0.04,0.062,1.015,0.11459160000000004,-0.1718874,0.0,-176.65441056,-2.18296998,-50.63802804
9.29,929,-0.04,0.062,1.014,0.11459160000000004,-0.3437748,0.0,-176.65441056,-2.18296998,-50.63802804
9.3,930,-0.039,0.062,1.016,0.057295800000000015,-0.1718874,0.0,-176.66014014,-2.1772404,-50.63802804
9.31,931,-0.039,0.063,1.0170000000000001,0.1718874,-0.1718874,0.057295800000000015,-176.66014014,-2.1772404,-50.63802804
9.32,932,-0.039,0.063,1.016,0.1718874,-0.057295800000000015,0.057295800000000015,-176.65441056,-2.1772404,-50.63802804
9.33,933,-0.04,0.063,1.016,0.1718874,0.0,0.0,-176.65441056,-2.1772404,-50.63802804
9.34,934,-0.04,0.064,1.016,0.1718874,0.057295800000000015,0.11459160000000004,-176.64868098,-2.1772404,-50.63802804
9.35,935,-0.04,0.064,1.015,0.0,0.11459160000000004,0.057295800000000015,-176.66586972,-2.19442914,-50.63802804
9.36,936,-0.04,0.064,1.016,0.0,0.1718874,0.057295800000000015,-176.66586972,-2.19442914,-50.63802804
9.37,937,-0.04,0.065,1.013,0.0,0.11459160000000004,0.057295800000000015,-176.66586972,-2.20015872,-50.64375762
9.38,938,-0.040999999999999995,0.065,1.014,0.057295800000000015,0.057295800000000015,0.0,-176.66586972,-2.20015872,-50.64375762
9.39,939,-0.04,0.066,1.013,0.0,0.057295800000000015,0.057295800000000015,-176.66586972,-2.20015872,-50.64375762
9.4,940,-0.04,0.066,1.014,0.0,0.057295800000000015,0.0,-176.65441056,-2.2058883,-50.64375762
9.41,941,-0.04,0.067,1.014,0.057295800000000015,0.0,0.057295800000000015,-176.65441056,-2.2058883,-50.64375762
9.42,942,-0.04,0.066,1.014,0.11459160000000004,0.0,0.0,-176.64868098,-2.2058883,-50.64375762
9.43,943,-0.039,0.066,1.014,0.11459160000000004,-0.057295800000000015,0.057295800000000015,-176.64868098,-2.2058883,-50.64375762
9.44,944,-0.04,0.066,1.016,0.0,0.0,0.0,-176.64868098,-2.20015872,-50.64375762
9.45,945,-0.04,0.066,1.015,-0.057295800000000015,0.0,0.0,-176.64868098,-2.2058883,-50.64375762
9.46,946,-0.04,0.066,1.015,0.0,0.0,0.0,-176.64868098,-2.2058883,-50.64375762
9.47,947,-0.04,0.066,1.014,0.0,0.0,0.0,-176.64868098,-2.2058883,-50.64375762
9.48,948,-0.04,0.066,1.0170000000000001,0.057295800000000015,0.057295800000000015,-0.057295800000000015,-176.64868098,-2.2058883,-50.64375762
9.49,949,-0.039,0.066,1.016,0.0,0.057295800000000015,0.0,-176.64868098,-2.2058883,-50.64375762
9.5,950,-0.04,0.064,1.016,0.0,0.057295800000000015,0.0,-176.65441056,-2.2058883,-50.64375762
9.51,951,-0.04,0.065,1.015,0.0,0.0,0.0,-176.65441056,-2.2058883,-50.64375762
9.52,952,-0.04,0.064,1.014,0.0,-0.2291832000000001,0.0,-176.65441056,-2.2058883,-50.64375762
9.53,953,-0.04,0.064,1.014,-0.057295800000000015,-0.1718874,0.0,-176.65441056,-2.2058883,-50.64375762
9.54,954,-0.04,0.065,1.015,-0.11459160000000004,-0.11459160000000004,0.0,-176.66014014,-2.20015872,-50.64375762
9.55,955,-0.039,0.065,1.016,-0.057295800000000015,-0.11459160000000004,-0.057295800000000015,-176.66014014,-2.20015872,-50.64375762
9.56,956,-0.04,0.065,1.016,0.0,0.0,0.0,-176.66014014,-2.20015872,-50.64375762
9.57,957,-0.039,0.065,1.015,-0.057295800000000015,0.11459160000000004,0.0,-176.66014014,-2.20015872,-50.64375762
9.58,958,-0.039,0.064,1.015,0.0,0.11459160000000004,0.0,-176.66014014,-2.20015872,-50.64375762
9.59,959,-0.039,0.063,1.014,0.0,0.2291832000000001,0.0,-176.66014014,-2.2058883,-50.64375762
9.6,960,-0.039,0.063,1.013,-0.057295800000000015,0.11459160000000004,0.0,-176.6715993,-2.2058883,-50.64375762
9.61,961,-0.04,0.064,1.014,-0.057295800000000015,0.0,0.0,-176.6715993,-2.2058883,-50.64375762
9.62,962,-0.04,0.065,1.015,-0.11459160000000004,-0.057295800000000015,0.0,-176.6715993,-2.2058883,-50.64375762
9.63,963,-0.04,0.066,1.0170000000000001,-0.057295800000000015,-0.11459160000000004,0.0,-176.67732887999995,-2.20015872,-50.64375762
9.64,964,-0.039,0.067,1.018,-0.1718874,-0.2291832000000001,0.0,-176.67732887999995,-2.20015872,-50.64375762
9.65,965,-0.039,0.066,1.016,-0.2291832000000001,-0.057295800000000015,0.0,-176.67732887999995,-2.20015872,-50.64375762
9.66,966,-0.039,0.065,1.014,-0.2291832000000001,0.1718874,0.0,-176.67732887999995,-2.20015872,-50.64375762
9.67,967,-0.04,0.064,1.015,-0.286479,0.286479,0.0,-176.68305846,-2.20015872,-50.64375762
9.68,968,-0.039,0.064,1.0170000000000001,-0.286479,0.3437748,0.0,-176.68305846,-2.2058883,-50.64375762
9.69,969,-0.04,0.064,1.016,-0.2291832000000001,0.2291832000000001,0.0,-176.68878804000005,-2.2058883,-50.64375762
9.7,970,-0.039,0.064,1.016,-0.057295800000000015,0.0,0.0,-176.68878804000005,-2.2058883,-50.64375762
9.71,971,-0.038,0.065,1.016,0.0,0.0,0.0,-176.68878804000005,-2.2058883,-50.64375762
9.72,972,-0.039,0.066,1.016,0.057295800000000015,0.0,0.0,-176.68878804000005,-2.20015872,-50.64375762
9.73,973,-0.04,0.066,1.014,0.0,0.057295800000000015,0.0,-176.68878804000005,-2.2058883,-50.64375762
9.74,974,-0.038,0.066,1.014,-0.11459160000000004,0.1718874,0.0,-176.68878804000005,-2.2058883,-50.64375762
9.75,975,-0.038,0.066,1.012,-0.11459160000000004,0.2291832000000001,-0.057295800000000015,-176.67732887999995,-2.2058883,-50.64375762
9.76,976,-0.04,0.066,1.015,-0.11459160000000004,0.2291832000000001,0.0,-176.67732887999995,-2.2058883,-50.64375762
9.77,977,-0.039,0.068,1.014,-0.057295800000000015,0.1718874,0.0,-176.67732887999995,-2.2058883,-50.64375762
9.78,978,-0.039,0.067,1.015,-0.1718874,0.2291832000000001,-0.057295800000000015,-176.67732887999995,-2.21161788,-50.64375762
9.79,979,-0.04,0.067,1.015,-0.1718874,0.3437748,0.0,-176.68305846,-2.21734746,-50.64375762
9.8,980,-0.039,0.066,1.014,-0.1718874,0.3437748,-0.057295800000000015,-176.67732887999995,-2.21734746,-50.64375762
9.81,981,-0.04,0.065,1.015,-0.11459160000000004,0.3437748,0.0,-176.67732887999995,-2.21734746,-50.64375762
9.82,982,-0.039,0.065,1.015,0.0,0.2291832000000001,0.0,-176.67732887999995,-2.22307704,-50.64375762
9.83,983,-0.039,0.066,1.016,0.0,0.11459160000000004,0.0,-176.67732887999995,-2.22307704,-50.64375762
9.84,984,-0.039,0.066,1.015,0.057295800000000015,0.0,0.0,-176.67732887999995,-2.22307704,-50.63802804
9.85,985,-0.039,0.067,1.016,0.0,-0.1718874,-0.057295800000000015,-176.6715993,-2.21734746,-50.63802804
9.86,986,-0.04,0.065,1.015,0.0,-0.11459160000000004,0.0,-176.6715993,-2.21734746,-50.63802804
9.87,987,-0.04,0.065,1.015,0.0,-0.11459160000000004,0.0,-176.6715993,-2.21734746,-50.63802804
9.88,988,-0.039,0.064,1.014,-0.057295800000000015,-0.057295800000000015,-0.057295800000000015,-176.67732887999995,-2.21734746,-50.63802804
9.89,989,-0.039,0.064,1.015,-0.057295800000000015,0.057295800000000015,0.0,-176.67732887999995,-2.21734746,-50.63802804
9.9,990,-0.04,0.063,1.015,-0.11459160000000004,0.057295800000000015,-0.057295800000000015,-176.68878804000005,-2.21734746,-50.63802804
9.91,991,-0.039,0.064,1.015,-0.1718874,0.057295800000000015,0.0,-176.68878804000005,-2.21734746,-50.63802804
9.92,992,-0.04,0.063,1.016,-0.1718874,0.057295800000000015,0.0,-176.69451762,-2.21734746,-50.63802804
9.93,993,-0.04,0.063,1.016,-0.1718874,0.057295800000000015,0.0,-176.69451762,-2.21734746,-50.63802804
9.94,994,-0.04,0.064,1.016,-0.1718874,0.057295800000000015,0.0,-176.70024719999995,-2.21734746,-50.63802804
9.95,995,-0.04,0.064,1.015,-0.11459160000000004,0.0,0.0,-176.70597678,-2.22307704,-50.63802804
9.96,996,-0.039,0.064,1.015,-0.057295800000000015,-0.11459160000000004,0.0,-176.70597678,-2.22307704,-50.63802804
9.97,997,-0.039,0.064,1.014,-0.057295800000000015,-0.11459160000000004,0.057295800000000015,-176.70597678,-2.22307704,-50.63802804
9.98,998,-0.039,0.065,1.015,0.0,0.0,0.0,-176.71170636,-2.22307704,-50.63802804
9.99,999,-0.038,0.066,1.015,0.0,0.0,0.0,-176.71170636,-2.22307704,-50.63802804
10.0,1000,-0.04,0.067,1.015,0.0,0.0,0.057295800000000015,-176.69451762,-2.21734746,-50.63802804
10.01,1001,-0.039,0.066,1.015,-0.11459160000000004,0.11459160000000004,0.057295800000000015,-176.69451762,-2.21734746,-50.63802804
10.02,1002,-0.039,0.067,1.014,-0.1718874,0.1718874,0.0,-176.69451762,-2.22307704,-50.63802804
10.03,1003,-0.039,0.067,1.015,-0.1718874,0.1718874,0.0,-176.69451762,-2.22307704,-50.63802804
10.04,1004,-0.04,0.067,1.014,-0.11459160000000004,0.1718874,0.0,-176.70024719999995,-2.22307704,-50.64375762
10.05,1005,-0.039,0.066,1.015,-0.11459160000000004,0.057295800000000015,0.057295800000000015,-176.68878804000005,-2.22307704,-50.64375762
10.06,1006,-0.039,0.067,1.016,-0.057295800000000015,0.0,0.0,-176.68878804000005,-2.22307704,-50.64375762
10.07,1007,-0.039,0.067,1.015,-0.057295800000000015,0.0,0.0,-176.68878804000005,-2.22307704,-50.64375762
10.08,1008,-0.039,0.067,1.015,-0.057295800000000015,0.0,0.0,-176.68878804000005,-2.22307704,-50.64375762
10.09,1009,-0.04,0.066,1.015,0.0,0.057295800000000015,0.0,-176.68878804000005,-2.22307704,-50.64375762
10.1,1010,-0.04,0.066,1.014,0.057295800000000015,0.057295800000000015,0.0,-176.68305846,-2.22307704,-50.64375762
10.11,1011,-0.04,0.066,1.015,0.11459160000000004,0.0,0.0,-176.68305846,-2.22307704,-50.64375762
10.12,1012,-0.039,0.067,1.015,0.057295800000000015,0.057295800000000015,0.0,-176.68305846,-2.22307704,-50.64375762
10.13,1013,-0.04,0.066,1.015,0.057295800000000015,0.0,0.0,-176.68305846,-2.22307704,-50.64375762
10.14,1014,-0.04,0.066,1.015,0.0,0.0,0.0,-176.68305846,-2.22307704,-50.64375762
10.15,1015,-0.039,0.065,1.015,0.0,0.0,0.0,-176.68305846,-2.22880662,-50.64375762
10.16,1016,-0.04,0.064,1.015,0.0,0.057295800000000015,0.0,-176.68305846,-2.22880662,-50.64375762
10.17,1017,-0.039,0.064,1.016,0.0,0.11459160000000004,0.0,-176.68305846,-2.22880662,-50.64375762
10.18,1018,-0.04,0.065,1.014,-0.057295800000000015,0.057295800000000015,0.0,-176.68305846,-2.22880662,-50.64375762
10.19,1019,-0.04,0.065,1.014,-0.057295800000000015,0.0,0.0,-176.68305846,-2.22880662,-50.64375762
10.2,1020,-0.039,0.064,1.015,0.0,-0.057295800000000015,0.0,-176.69451762,-2.22880662,-50.64375762
10.21,1021,-0.04,0.064,1.016,-0.057295800000000015,-0.1718874,0.0,-176.69451762,-2.22307704,-50.64375762
10.22,1022,-0.039,0.065,1.015,0.0,0.0,0.0,-176.69451762,-2.22307704,-50.64375762
10.23,1023,-0.039,0.065,1.015,0.0,0.0,0.0,-176.69451762,-2.22307704,-50.64375762
10.24,1024,-0.039,0.065,1.015,0.0,0.11459160000000004,0.0,-176.70024719999995,-2.22307704,-50.64375762
10.25,1025,-0.039,0.064,1.015,0.0,0.2291832000000001,0.0,-176.70024719999995,-2.22880662,-50.64375762
10.26,1026,-0.04,0.064,1.016,0.0,0.286479,0.0,-176.70597678,-2.22880662,-50.64375762
10.27,1027,-0.039,0.064,1.015,0.0,0.40107059999999994,0.0,-176.70597678,-2.2345362,-50.64375762
10.28,1028,-0.039,0.063,1.012,0.0,0.3437748,0.0,-176.70597678,-2.24026578,-50.64375762
10.29,1029,-0.04,0.064,1.014,0.057295800000000015,0.286479,0.0,-176.70597678,-2.24026578,-50.64375762
10.3,1030,-0.040999999999999995,0.065,1.015,0.0,0.1718874,0.0,-176.70024719999995,-2.24026578,-50.64375762
10.31,1031,-0.04,0.066,1.016,-0.1718874,0.286479,0.0,-176.70024719999995,-2.24599536,-50.64375762
10.32,1032,-0.039,0.065,1.018,-0.2291832000000001,0.1718874,0.0,-176.70597678,-2.24599536,-50.64375762
10.33,1033,-0.04,0.065,1.0170000000000001,-0.286479,0.3437748,0.0,-176.71170636,-2.25172494,-50.64375762
10.34,1034,-0.04,0.066,1.015,-0.1718874,0.572958,-0.057295800000000015,-176.71170636,-2.25745452,-50.64375762
10.35,1035,-0.04,0.065,1.013,-0.1718874,0.7448454000000001,-0.057295800000000015,-176.71170636,-2.2631841,-50.64375762
10.36,1036,-0.04,0.064,1.014,-0.2291832000000001,0.6302538000000001,-0.057295800000000015,-176.71743594,-2.26891368,-50.64375762
10.37,1037,-0.040999999999999995,0.063,1.015,-0.2291832000000001,0.286479,-0.057295800000000015,-176.71743594,-2.2746432600000004,-50.64375762
10.38,1038,-0.04,0.063,1.015,-0.057295800000000015,-0.057295800000000015,0.0,-176.71743594,-2.26891368,-50.64375762
10.39,1039,-0.040999999999999995,0.063,1.015,0.0,-0.2291832000000001,0.0,-176.71743594,-2.26891368,-50.64375762
10.4,1040,-0.04,0.065,1.016,0.11459160000000004,-0.2291832000000001,0.0,-176.71743594,-2.26891368,-50.64375762
10.41,1041,-0.040999999999999995,0.065,1.016,0.057295800000000015,-0.286479,0.0,-176.71743594,-2.2631841,-50.64375762
10.42,1042,-0.042,0.065,1.016,-0.057295800000000015,-0.1718874,0.0,-176.71743594,-2.2631841,-50.64375762
10.43,1043,-0.040999999999999995,0.065,1.014,-0.1718874,-0.057295800000000015,0.0,-176.71743594,-2.2631841,-50.64375762
10.44,1044,-0.040999999999999995,0.065,1.015,-0.057295800000000015,0.0,0.0,-176.71743594,-2.2631841,-50.64375762
10.45,1045,-0.040999999999999995,0.065,1.013,0.0,-0.057295800000000015,0.0,-176.71743594,-2.25745452,-50.64375762
10.46,1046,-0.04,0.065,1.015,0.11459160000000004,0.0,0.0,-176.71743594,-2.25745452,-50.64375762
10.47,1047,-0.040999999999999995,0.066,1.015,0.0,-0.057295800000000015,0.0,-176.71743594,-2.25745452,-50.64375762
10.48,1048,-0.04,0.065,1.015,0.0,-0.057295800000000015,0.0,-176.71743594,-2.25745452,-50.64375762
10.49,1049,-0.04,0.064,1.014,0.0,-0.057295800000000015,0.0,-176.71743594,-2.25745452,-50.64375762
10.5,1050,-0.040999999999999995,0.064,1.014,0.057295800000000015,-0.11459160000000004,0.0,-176.71743594,-2.2631841,-50.64375762
10.51,1051,-0.04,0.064,1.015,0.11459160000000004,-0.1718874,0.0,-176.71743594,-2.25745452,-50.64375762
10.52,1052,-0.040999999999999995,0.064,1.015,0.057295800000000015,-0.1718874,-0.057295800000000015,-176.71743594,-2.25745452,-50.64375762
10.53,1053,-0.040999999999999995,0.064,1.015,0.1718874,-0.1718874,0.0,-176.71743594,-2.25745452,-50.64375762
10.54,1054,-0.040999999999999995,0.064,1.016,0.1718874,-0.3437748,-0.057295800000000015,-176.71170636,-2.25172494,-50.63802804
10.55,1055,-0.040999999999999995,0.064,1.016,0.1718874,-0.40107059999999994,0.0,-176.71170636,-2.24599536,-50.63802804
10.56,1056,-0.04,0.064,1.016,0.11459160000000004,-0.3437748,-0.057295800000000015,-176.71170636,-2.24599536,-50.63802804
10.57,1057,-0.04,0.063,1.0170000000000001,0.057295800000000015,-0.11459160000000004,0.0,-176.70597678,-2.24026578,-50.63802804
10.58,1058,-0.040999999999999995,0.063,1.016,0.057295800000000015,-0.11459160000000004,0.0,-176.70597678,-2.24026578,-50.63802804
10.59,1059,-0.040999999999999995,0.063,1.016,0.057295800000000015,0.0,0.0,-176.70597678,-2.24026578,-50.63802804
10.6,1060,-0.040999999999999995,0.064,1.015,0.0,-0.057295800000000015,0.057295800000000015,-176.71743594,-2.24599536,-50.63802804
10.61,1061,-0.04,0.063,1.014,0.0,-0.1718874,0.0,-176.71743594,-2.24599536,-50.63802804
10.62,1062,-0.040999999999999995,0.063,1.013,0.0,-0.1718874,0.0,-176.71743594,-2.24599536,-50.63802804
10.63,1063,-0.040999999999999995,0.063,1.014,0.057295800000000015,-0.11459160000000004,0.0,-176.71170636,-2.24026578,-50.63802804
10.64,1064,-0.040999999999999995,0.062,1.015,0.057295800000000015,-0.057295800000000015,0.0,-176.71170636,-2.24026578,-50.63802804
10.65,1065,-0.040999999999999995,0.063,1.014,0.057295800000000015,-0.11459160000000004,0.0,-176.71743594,-2.24599536,-50.63802804
10.66,1066,-0.040999999999999995,0.062,1.016,0.11459160000000004,-0.2291832000000001,0.057295800000000015,-176.71170636,-2.24599536,-50.63802804
10.67,1067,-0.040999999999999995,0.063,1.016,0.11459160000000004,-0.11459160000000004,0.0,-176.71170636,-2.24599536,-50.63802804
10.68,1068,-0.040999999999999995,0.065,1.018,0.11459160000000004,0.0,0.0,-176.71170636,-2.24599536,-50.63802804
10.69,1069,-0.040999999999999995,0.065,1.016,0.057295800000000015,0.0,0.0,-176.71170636,-2.24599536,-50.63802804
10.7,1070,-0.040999999999999995,0.065,1.0170000000000001,0.0,0.057295800000000015,0.0,-176.71743594,-2.25172494,-50.63802804
10.71,1071,-0.04,0.066,1.015,0.0,0.057295800000000015,0.0,-176.71743594,-2.25172494,-50.63802804
10.72,1072,-0.042,0.065,1.016,0.0,0.1718874,0.0,-176.71743594,-2.25172494,-50.63802804
10.73,1073,-0.040999999999999995,0.065,1.014,-0.057295800000000015,0.2291832000000001,0.0,-176.71743594,-2.25745452,-50.63802804
10.74,1074,-0.040999999999999995,0.064,1.014,0.0,0.1718874,0.0,-176.71743594,-2.25745452,-50.63802804
10.75,1075,-0.040999999999999995,0.064,1.013,0.0,0.2291832000000001,0.0,-176.71170636,-2.26891368,-50.63802804
10.76,1076,-0.042,0.064,1.013,0.057295800000000015,0.1718874,0.0,-176.71170636,-2.26891368,-50.63802804
10.77,1077,-0.040999999999999995,0.064,1.012,0.0,0.057295800000000015,0.0,-176.71170636,-2.26891368,-50.63802804
10.78,1078,-0.040999999999999995,0.064,1.013,0.0,0.0,0.0,-176.71170636,-2.26891368,-50.63802804
10.79,1079,-0.042,0.063,1.013,0.057295800000000015,-0.11459160000000004,0.0,-176.71170636,-2.26891368,-50.63802804
10.8,1080,-0.042,0.062,1.015,0.11459160000000004,-0.2291832000000001,0.0,-176.71743594,-2.26891368,-50.63802804
10.81,1081,-0.042,0.064,1.014,0.11459160000000004,-0.2291832000000001,0.0,-176.71743594,-2.26891368,-50.63802804
10.82,1082,-0.042,0.064,1.016,0.11459160000000004,-0.2291832000000001,0.0,-176.71743594,-2.2631841,-50.63802804
10.83,1083,-0.040999999999999995,0.063,1.015,0.1718874,-0.2291832000000001,0.0,-176.71170636,-2.2631841,-50.63802804
10.84,1084,-0.040999999999999995,0.064,1.016,0.1718874,-0.2291832000000001,0.0,-176.71170636,-2.25745452,-50.63802804
10.85,1085,-0.042,0.063,1.0170000000000001,0.1718874,-0.2291832000000001,0.0,-176.71743594,-2.2631841,-50.63802804
10.86,1086,-0.040999999999999995,0.064,1.0170000000000001,0.286479,-0.11459160000000004,0.057295800000000015,-176.71170636,-2.2631841,-50.63802804
10.87,1087,-0.040999999999999995,0.064,1.016,0.1718874,-0.11459160000000004,0.0,-176.71170636,-2.25745452,-50.63802804
10.88,1088,-0.040999999999999995,0.063,1.015,0.057295800000000015,-0.1718874,0.0,-176.70597678,-2.25745452,-50.63802804
10.89,1089,-0.04,0.064,1.016,0.11459160000000004,-0.1718874,0.0,-176.70597678,-2.25745452,-50.63802804
10.9,1090,-0.040999999999999995,0.064,1.014,0.057295800000000015,-0.286479,0.0,-176.70597678,-2.25745452,-50.63802804
10.91,1091,-0.040999999999999995,0.065,1.015,0.0,-0.2291832000000001,0.0,-176.70597678,-2.25745452,-50.63802804
10.92,1092,-0.040999999999999995,0.064,1.014,0.057295800000000015,-0.11459160000000004,0.0,-176.70597678,-2.25745452,-50.63802804
10.93,1093,-0.040999999999999995,0.064,1.014,0.1718874,0.0,0.057295800000000015,-176.70024719999995,-2.25745452,-50.63802804
10.94,1094,-0.04,0.064,1.013,0.2291832000000001,-0.057295800000000015,0.0,-176.70024719999995,-2.25745452,-50.63802804
10.95,1095,-0.040999999999999995,0.064,1.014,0.2291832000000001,-0.11459160000000004,0.0,-176.69451762,-2.25745452,-50.63802804
10.96,1096,-0.040999999999999995,0.064,1.013,0.2291832000000001,-0.11459160000000004,0.0,-176.68878804000005,-2.25745452,-50.63802804
10.97,1097,-0.04,0.063,1.012,0.2291832000000001,-0.1718874,0.057295800000000015,-176.68878804000005,-2.25172494,-50.63802804
10.98,1098,-0.040999999999999995,0.064,1.015,0.1718874,-0.2291832000000001,0.0,-176.68878804000005,-2.25172494,-50.63802804
10.99,1099,-0.042,0.064,1.015,0.11459160000000004,-0.2291832000000001,0.0,-176.68305846,-2.25172494,-50.63802804
11.0,1100,-0.040999999999999995,0.065,1.016,0.0,-0.1718874,0.0,-176.68305846,-2.24599536,-50.63802804
11.01,1101,-0.040999999999999995,0.065,1.0190000000000001,0.0,-0.286479,0.057295800000000015,-176.68305846,-2.24599536,-50.63802804
11.02,1102,-0.04,0.066,1.0170000000000001,0.0,-0.2291832000000001,0.057295800000000015,-176.68305846,-2.24026578,-50.63802804
11.03,1103,-0.040999999999999995,0.064,1.015,0.057295800000000015,-0.11459160000000004,0.0,-176.68305846,-2.24026578,-50.63802804
11.04,1104,-0.040999999999999995,0.064,1.015,0.0,0.0,0.0,-176.68305846,-2.24026578,-50.63802804
11.05,1105,-0.040999999999999995,0.063,1.015,0.0,0.11459160000000004,0.0,-176.70024719999995,-2.24026578,-50.63802804
11.06,1106,-0.040999999999999995,0.062,1.016,0.0,0.0,0.057295800000000015,-176.70024719999995,-2.24026578,-50.63802804
11.07,1107,-0.042,0.063,1.016,0.057295800000000015,-0.1718874,0.0,-176.70024719999995,-2.24026578,-50.63802804
11.08,1108,-0.04,0.063,1.015,0.2291832000000001,-0.286479,0.0,-176.69451762,-2.2345362,-50.63802804
11.09,1109,-0.040999999999999995,0.063,1.015,0.1718874,-0.2291832000000001,0.057295800000000015,-176.69451762,-2.2345362,-50.64375762
11.1,1110,-0.040999999999999995,0.065,1.015,0.057295800000000015,-0.11459160000000004,0.057295800000000015,-176.67732887999995,-2.24026578,-50.64375762
11.11,1111,-0.040999999999999995,0.064,1.015,0.0,-0.11459160000000004,0.0,-176.67732887999995,-2.24026578,-50.64375762
11.12,1112,-0.040999999999999995,0.065,1.014,0.0,0.0,0.0,-176.67732887999995,-2.24026578,-50.64375762
11.13,1113,-0.040999999999999995,0.065,1.013,-0.057295800000000015,0.057295800000000015,0.0,-176.67732887999995,-2.24026578,-50.64375762
11.14,1114,-0.040999999999999995,0.066,1.014,0.057295800000000015,0.057295800000000015,0.0,-176.67732887999995,-2.24026578,-50.64375762
11.15,1115,-0.040999999999999995,0.066,1.014,0.0,0.057295800000000015,0.0,-176.6715993,-2.25172494,-50.64375762
11.16,1116,-0.040999999999999995,0.066,1.015,0.0,0.11459160000000004,0.0,-176.6715993,-2.25172494,-50.64375762
11.17,1117,-0.04,0.065,1.015,-0.11459160000000004,0.11459160000000004,0.0,-176.6715993,-2.25172494,-50.64375762
11.18,1118,-0.040999999999999995,0.066,1.016,-0.1718874,0.1718874,0.0,-176.6715993,-2.25172494,-50.64375762
11.19,1119,-0.04,0.065,1.015,-0.11459160000000004,0.0,0.0,-176.67732887999995,-2.25745452,-50.64375762
11.2,1120,-0.04,0.065,1.014,0.057295800000000015,0.0,0.0,-176.66586972,-2.24599536,-50.64375762
11.21,1121,-0.04,0.066,1.014,0.057295800000000015,0.0,0.0,-176.66586972,-2.24599536,-50.64375762
11.22,1122,-0.04,0.064,1.015,0.057295800000000015,-0.11459160000000004,0.0,-176.66586972,-2.24599536,-50.64375762
11.23,1123,-0.04,0.065,1.016,0.057295800000000015,-0.1718874,0.0,-176.66586972,-2.24026578,-50.64375762
11.24,1124,-0.04,0.065,1.016,0.057295800000000015,-0.1718874,0.0,-176.66586972,-2.24026578,-50.64375762
11.25,1125,-0.04,0.065,1.0170000000000001,0.0,-0.1718874,0.0,-176.66586972,-2.24599536,-50.64375762
11.26,1126,-0.040999999999999995,0.065,1.016,0.0,0.0,0.0,-176.66586972,-2.24599536,-50.64375762
11.27,1127,-0.04,0.064,1.015,0.0,0.11459160000000004,-0.057295800000000015,-176.66586972,-2.24599536,-50.64375762
11.28,1128,-0.040999999999999995,0.063,1.014,0.0,0.1718874,-0.057295800000000015,-176.66586972,-2.24599536,-50.63802804
11.29,1129,-0.040999999999999995,0.062,1.015,-0.057295800000000015,0.057295800000000015,0.0,-176.66586972,-2.24599536,-50.63802804
11.3,1130,-0.04,0.062,1.016,-0.057295800000000015,0.0,0.0,-176.7288951,-2.24026578,-50.63802804
11.31,1131,-0.04,0.063,1.015,-0.11459160000000004,0.057295800000000015,-0.057295800000000015,-176.7288951,-2.24026578,-50.63802804
11.32,1132,-0.04,0.063,1.014,0.0,0.057295800000000015,0.0,-176.7288951,-2.24026578,-50.63802804
11.33,1133,-0.04,0.062,1.014,0.0,0.057295800000000015,0.0,-176.7288951,-2.24599536,-50.63802804
11.34,1134,-0.04,0.063,1.015,0.0,0.0,0.0,-176.7288951,-2.24599536,-50.63802804
11.35,1135,-0.040999999999999995,0.064,1.014,-0.057295800000000015,0.0,-0.057295800000000015,-176.73462468,-2.25172494,-50.63802804
11.36,1136,-0.040999999999999995,0.065,1.014,0.0,0.057295800000000015,0.0,-176.73462468,-2.25172494,-50.63802804
11.37,1137,-0.040999999999999995,0.065,1.0170000000000001,0.0,0.0,0.057295800000000015,-176.73462468,-2.25172494,-50.63802804
11.38,1138,-0.04,0.065,1.016,0.0,0.11459160000000004,0.0,-176.73462468,-2.25745452,-50.63802804
11.39,1139,-0.04,0.065,1.015,0.0,0.11459160000000004,0.0,-176.73462468,-2.25745452,-50.63802804
11.4,1140,-0.04,0.067,1.016,-0.057295800000000015,0.11459160000000004,0.0,-176.72316552,-2.25745452,-50.63802804
11.41,1141,-0.04,0.066,1.015,-0.11459160000000004,0.11459160000000004,0.0,-176.72316552,-2.25745452,-50.63802804
11.42,1142,-0.04,0.066,1.015,-0.11459160000000004,0.057295800000000015,0.0,-176.7288951,-2.25745452,-50.63802804
11.43,1143,-0.04,0.066,1.014,-0.057295800000000015,0.0,0.0,-176.7288951,-2.25745452,-50.63802804
11.44,1144,-0.04,0.066,1.015,-0.057295800000000015,0.0,0.0,-176.7288951,-2.25745452,-50.63802804
11.45,1145,-0.040999999999999995,0.066,1.014,-0.11459160000000004,0.057295800000000015,0.0,-176.71743594,-2.2631841,-50.63802804
11.46,1146,-0.04,0.066,1.015,-0.1718874,0.11459160000000004,0.0,-176.72316552,-2.26891368,-50.63802804
11.47,1147,-0.04,0.066,1.013,-0.057295800000000015,0.057295800000000015,0.0,-176.72316552,-2.26891368,-50.63802804
11.48,1148,-0.04,0.065,1.013,0.0,0.057295800000000015,0.0,-176.72316552,-2.26891368,-50.63802804
11.49,1149,-0.04,0.066,1.014,0.057295800000000015,0.0,0.0,-176.72316552,-2.26891368,-50.63802804
11.5,1150,-0.04,0.065,1.015,0.057295800000000015,-0.11459160000000004,0.0,-176.71170636,-2.2746432600000004,-50.63802804
11.51,1151,-0.04,0.064,1.015,0.0,-0.11459160000000004,0.0,-176.71743594,-2.2746432600000004,-50.63802804
11.52,1152,-0.040999999999999995,0.064,1.016,0.0,-0.2291832000000001,0.0,-176.71743594,-2.26891368,-50.63802804
11.53,1153,-0.04,0.065,1.016,0.0,-0.1718874,0.0,-176.71170636,-2.26891368,-50.63802804
11.54,1154,-0.04,0.065,1.0170000000000001,0.057295800000000015,-0.1718874,0.0,-176.71170636,-2.2631841,-50.63802804
11.55,1155,-0.04,0.064,1.016,0.0,-0.057295800000000015,0.0,-176.71743594,-2.2631841,-50.63802804
11.56,1156,-0.04,0.065,1.016,0.0,0.0,0.0,-176.71743594,-2.2631841,-50.63802804
11.57,1157,-0.040999999999999995,0.065,1.015,0.0,-0.11459160000000004,0.0,-176.71743594,-2.2631841,-50.63802804
11.58,1158,-0.04,0.065,1.015,0.0,-0.2291832000000001,0.0,-176.71743594,-2.2631841,-50.63802804
11.59,1159,-0.04,0.065,1.015,0.0,-0.2291832000000001,0.0,-176.71743594,-2.25745452,-50.63802804
11.6,1160,-0.039,0.065,1.015,0.0,-0.11459160000000004,0.0,-176.71170636,-2.24026578,-50.64375762
11.61,1161,-0.04,0.064,1.015,-0.057295800000000015,0.057295800000000015,0.0,-176.71170636,-2.24026578,-50.63802804
11.62,1162,-0.04,0.065,1.016,-0.11459160000000004,0.11459160000000004,0.0,-176.71743594,-2.24599536,-50.63802804
11.63,1163,-0.039,0.064,1.015,-0.11459160000000004,0.1718874,-0.057295800000000015,-176.71743594,-2.24599536,-50.63802804
11.64,1164,-0.04,0.064,1.015,-0.057295800000000015,0.1718874,0.0,-176.71743594,-2.24599536,-50.63802804
11.65,1165,-0.039,0.065,1.014,0.0,0.1718874,0.0,-176.71743594,-2.24599536,-50.63802804
11.66,1166,-0.04,0.064,1.012,0.0,0.11459160000000004,0.0,-176.71743594,-2.25172494,-50.64375762
11.67,1167,-0.04,0.064,1.014,0.057295800000000015,0.0,0.057295800000000015,-176.71170636,-2.25172494,-50.64375762
11.68,1168,-0.04,0.065,1.014,-0.057295800000000015,0.057295800000000015,-0.057295800000000015,-176.71743594,-2.25172494,-50.64375762
11.69,1169,-0.04,0.067,1.016,-0.057295800000000015,0.057295800000000015,0.0,-176.71743594,-2.25172494,-50.64375762
11.7,1170,-0.04,0.067,1.018,-0.057295800000000015,0.0,0.0,-176.71170636,-2.25172494,-50.64375762
11.71,1171,-0.04,0.067,1.018,-0.2291832000000001,0.0,0.0,-176.71743594,-2.25172494,-50.64375762
11.72,1172,-0.039,0.066,1.015,-0.2291832000000001,0.286479,0.0,-176.71743594,-2.25745452,-50.64375762
11.73,1173,-0.04,0.064,1.015,-0.2291832000000001,0.572958,0.0,-176.71743594,-2.2631841,-50.64375762
11.74,1174,-0.04,0.064,1.016,-0.2291832000000001,0.572958,0.0,-176.72316552,-2.26891368,-50.64375762
11.75,1175,-0.04,0.064,1.0170000000000001,-0.2291832000000001,0.572958,0.0,-176.72316552,-2.2746432600000004,-50.64375762
11.76,1176,-0.04,0.064,1.0170000000000001,-0.11459160000000004,0.3437748,0.0,-176.72316552,-2.2746432600000004,-50.64375762
11.77,1177,-0.040999999999999995,0.064,1.015,0.057295800000000015,0.2291832000000001,0.0,-176.72316552,-2.28037284,-50.64375762
11.78,1178,-0.04,0.065,1.016,0.1718874,0.11459160000000004,0.0,-176.72316552,-2.28037284,-50.64375762
11.79,1179,-0.04,0.064,1.015,0.057295800000000015,0.1718874,0.0,-176.72316552,-2.28037284,-50.64375762
11.8,1180,-0.04,0.064,1.014,-0.057295800000000015,0.057295800000000015,0.0,-176.71170636,-2.2746432600000004,-50.64375762
11.81,1181,-0.04,0.065,1.012,0.0,0.0,0.0,-176.71170636,-2.2746432600000004,-50.64375762
11.82,1182,-0.04,0.066,1.012,0.057295800000000015,0.0,0.0,-176.71170636,-2.2746432600000004,-50.64375762
11.83,1183,-0.040999999999999995,0.067,1.013,0.0,-0.057295800000000015,0.0,-176.71170636,-2.2746432600000004,-50.64375762
11.84,1184,-0.04,0.066,1.014,-0.057295800000000015,0.0,0.0,-176.71170636,-2.2746432600000004,-50.64375762
11.85,1185,-0.040999999999999995,0.066,1.015,-0.11459160000000004,-0.057295800000000015,0.0,-176.70597678,-2.2746432600000004,-50.64375762
11.86,1186,-0.040999999999999995,0.066,1.015,-0.2291832000000001,0.057295800000000015,0.0,-176.71170636,-2.2746432600000004,-50.64375762
11.87,1187,-0.04,0.066,1.015,-0.11459160000000004,0.057295800000000015,0.0,-176.71170636,-2.28037284,-50.64375762
11.88,1188,-0.04,0.064,1.016,-0.057295800000000015,0.0,-0.057295800000000015,-176.71170636,-2.28037284,-50.64375762
11.89,1189,-0.04,0.064,1.016,0.0,0.057295800000000015,0.0,-176.71170636,-2.28037284,-50.64375762
11.9,1190,-0.04,0.064,1.016,0.0,-0.057295800000000015,0.057295800000000015,-176.71170636,-2.2746432600000004,-50.64375762
11.91,1191,-0.04,0.065,1.0170000000000001,0.0,-0.2291832000000001,0.0,-176.71170636,-2.2746432600000004,-50.64375762
11.92,1192,-0.04,0.065,1.016,0.0,-0.2291832000000001,0.0,-176.71170636,-2.26891368,-50.64375762
11.93,1193,-0.04,0.064,1.015,0.057295800000000015,-0.40107059999999994,0.0,-176.71170636,-2.26891368,-50.64375762
11.94,1194,-0.04,0.065,1.016,0.0,-0.286479,0.0,-176.71170636,-2.2631841,-50.64375762
11.95,1195,-0.04,0.064,1.016,0.0,-0.11459160000000004,0.0,-176.71170636,-2.25745452,-50.64375762
11.96,1196,-0.04,0.065,1.014,-0.057295800000000015,0.0,0.0,-176.71170636,-2.25745452,-50.64375762
11.97,1197,-0.04,0.065,1.014,-0.11459160000000004,0.057295800000000015,0.0,-176.71743594,-2.25745452,-50.64375762
11.98,1198,-0.04,0.065,1.015,-0.11459160000000004,0.11459160000000004,0.0,-176.71743594,-2.2631841,-50.64375762
11.99,1199,-0.04,0.064,1.014,-0.11459160000000004,0.0,0.0,-176.71743594,-2.2631841,-50.64375762
12.0,1200,-0.039,0.064,1.015,-0.057295800000000015,-0.057295800000000015,0.0,-176.7288951,-2.25172494,-50.64375762
12.01,1201,-0.039,0.064,1.015,-0.057295800000000015,-0.057295800000000015,0.0,-176.7288951,-2.25172494,-50.64375762
12.02,1202,-0.040999999999999995,0.064,1.015,-0.057295800000000015,0.0,0.0,-176.7288951,-2.25172494,-50.64375762
12.03,1203,-0.04,0.065,1.016,-0.057295800000000015,0.0,0.0,-176.7288951,-2.25172494,-50.64375762
12.040000000000001,1204,-0.04,0.065,1.016,0.0,0.0,0.0,-176.7288951,-2.25172494,-50.64375762
12.05,1205,-0.04,0.065,1.015,0.0,0.0,0.0,-176.7288951,-2.24599536,-50.64375762
12.06,1206,-0.039,0.065,1.016,0.0,0.0,0.0,-176.7288951,-2.24599536,-50.64375762
12.07,1207,-0.039,0.066,1.015,-0.057295800000000015,0.0,-0.057295800000000015,-176.7288951,-2.24599536,-50.63802804
12.08,1208,-0.04,0.066,1.016,-0.057295800000000015,0.11459160000000004,0.0,-176.7288951,-2.24599536,-50.63802804
12.09,1209,-0.04,0.065,1.016,-0.11459160000000004,0.11459160000000004,0.0,-176.73462468,-2.25172494,-50.63802804
12.1,1210,-0.04,0.065,1.013,-0.1718874,0.2291832000000001,0.0,-176.73462468,-2.25172494,-50.63802804
12.11,1211,-0.04,0.066,1.014,-0.057295800000000015,0.2291832000000001,0.0,-176.73462468,-2.25745452,-50.63802804
12.12,1212,-0.04,0.066,1.014,-0.057295800000000015,0.2291832000000001,-0.057295800000000015,-176.73462468,-2.25745452,-50.63802804
12.13,1213,-0.04,0.065,1.014,0.0,0.1718874,-0.11459160000000004,-176.73462468,-2.25745452,-50.63802804
12.14,1214,-0.040999999999999995,0.065,1.014,0.0,0.2291832000000001,-0.057295800000000015,-176.73462468,-2.2631841,-50.63802804
12.15,1215,-0.040999999999999995,0.065,1.015,0.0,0.057295800000000015,0.0,-176.73462468,-2.2631841,-50.63802804
12.16,1216,-0.040999999999999995,0.065,1.014,0.0,0.11459160000000004,0.0,-176.73462468,-2.26891368,-50.63802804
12.17,1217,-0.04,0.065,1.015,0.0,0.057295800000000015,0.0,-176.73462468,-2.26891368,-50.63802804
12.18,1218,-0.040999999999999995,0.063,1.014,0.0,0.11459160000000004,-0.057295800000000015,-176.73462468,-2.26891368,-50.63802804
12.19,1219,-0.040999999999999995,0.064,1.014,0.057295800000000015,0.057295800000000015,-0.057295800000000015,-176.73462468,-2.26891368,-50.63229846
12.2,1220,-0.040999999999999995,0.065,1.014,0.0,0.057295800000000015,-0.057295800000000015,-176.7288951,-2.26891368,-50.63229846
12.21,1221,-0.040999999999999995,0.064,1.015,0.057295800000000015,0.0,0.0,-176.7288951,-2.26891368,-50.63229846
12.22,1222,-0.04,0.065,1.016,0.0,0.057295800000000015,0.0,-176.7288951,-2.2746432600000004,-50.63229846
12.23,1223,-0.04,0.065,1.016,0.0,0.057295800000000015,0.0,-176.7288951,-2.2746432600000004,-50.63229846
12.24,1224,-0.040999999999999995,0.064,1.016,0.0,0.0,0.0,-176.7288951,-2.2746432600000004,-50.63229846
12.25,1225,-0.04,0.065,1.016,-0.057295800000000015,0.0,0.0,-176.7288951,-2.2746432600000004,-50.63229846
12.26,1226,-0.04,0.064,1.015,-0.057295800000000015,-0.057295800000000015,0.0,-176.7288951,-2.2746432600000004,-50.63229846
12.27,1227,-0.040999999999999995,0.065,1.014,0.0,-0.11459160000000004,0.057295800000000015,-176.7288951,-2.2746432600000004,-50.63229846
12.28,1228,-0.040999999999999995,0.064,1.014,0.0,-0.11459160000000004,0.0,-176.7288951,-2.26891368,-50.63229846
12.290000000000001,1229,-0.042,0.065,1.016,-0.057295800000000015,-0.057295800000000015,0.0,-176.73462468,-2.26891368,-50.63229846
12.3,1230,-0.040999999999999995,0.065,1.015,0.0,0.0,0.0,-176.71743594,-2.26891368,-50.63802804
12.31,1231,-0.040999999999999995,0.065,1.015,0.0,-0.057295800000000015,0.0,-176.71743594,-2.26891368,-50.63802804
12.32,1232,-0.040999999999999995,0.065,1.015,0.0,-0.057295800000000015,0.0,-176.71743594,-2.2631841,-50.63802804
12.33,1233,-0.040999999999999995,0.064,1.014,0.0,0.0,0.057295800000000015,-176.71743594,-2.2631841,-50.63802804
12.34,1234,-0.042,0.064,1.014,0.0,0.057295800000000015,0.0,-176.71743594,-2.2631841,-50.63802804
12.35,1235,-0.04,0.063,1.012,0.057295800000000015,0.0,0.057295800000000015,-176.71170636,-2.26891368,-50.63802804
12.36,1236,-0.040999999999999995,0.064,1.013,0.057295800000000015,-0.057295800000000015,0.0,-176.71170636,-2.2631841,-50.63802804
12.37,1237,-0.04,0.064,1.016,0.057295800000000015,-0.1718874,0.0,-176.71170636,-2.2631841,-50.63802804
12.38,1238,-0.04,0.065,1.018,0.0,-0.2291832000000001,0.0,-176.71170636,-2.2631841,-50.63802804
12.39,1239,-0.040999999999999995,0.066,1.018,-0.11459160000000004,-0.2291832000000001,0.0,-176.71170636,-2.25745452,-50.63802804
12.4,1240,-0.039,0.066,1.016,-0.11459160000000004,0.0,0.0,-176.71170636,-2.25745452,-50.63802804
12.41,1241,-0.04,0.065,1.015,-0.057295800000000015,0.1718874,0.0,-176.71170636,-2.25745452,-50.63802804
12.42,1242,-0.04,0.064,1.015,-0.057295800000000015,0.1718874,0.0,-176.71170636,-2.25745452,-50.63802804
12.43,1243,-0.04,0.063,1.015,-0.11459160000000004,0.2291832000000001,0.0,-176.71170636,-2.2631841,-50.63802804
12.44,1244,-0.040999999999999995,0.063,1.015,0.0,0.11459160000000004,0.057295800000000015,-176.71743594,-2.2631841,-50.64375762
12.45,1245,-0.040999999999999995,0.063,1.016,0.057295800000000015,-0.057295800000000015,0.0,-176.71743594,-2.25172494,-50.64375762
12.46,1246,-0.04,0.064,1.0170000000000001,0.11459160000000004,-0.057295800000000015,0.0,-176.71743594,-2.25172494,-50.64375762
12.47,1247,-0.042,0.064,1.016,0.11459160000000004,-0.11459160000000004,0.0,-176.71743594,-2.25172494,-50.64375762
12.48,1248,-0.04,0.064,1.016,0.057295800000000015,-0.057295800000000015,0.0,-176.71743594,-2.25172494,-50.64375762
12.49,1249,-0.04,0.065,1.013,0.057295800000000015,0.0,0.0,-176.71743594,-2.25172494,-50.64375762
12.5,1250,-0.040999999999999995,0.065,1.014,0.057295800000000015,0.0,0.11459160000000004,-176.71170636,-2.25172494,-50.64375762
12.51,1251,-0.04,0.065,1.015,0.0,0.057295800000000015,0.057295800000000015,-176.71170636,-2.25172494,-50.64375762
12.52,1252,-0.040999999999999995,0.065,1.015,0.0,0.057295800000000015,0.0,-176.71170636,-2.25172494,-50.64375762
12.53,1253,-0.042,0.066,1.015,0.0,0.057295800000000015,0.0,-176.71170636,-2.25172494,-50.64375762
12.540000000000001,1254,-0.040999999999999995,0.065,1.014,0.0,0.11459160000000004,0.0,-176.71170636,-2.25745452,-50.64375762
12.55,1255,-0.040999999999999995,0.065,1.013,0.0,0.11459160000000004,0.0,-176.71170636,-2.2631841,-50.64375762
12.56,1256,-0.040999999999999995,0.064,1.014,0.0,0.11459160000000004,0.0,-176.71170636,-2.2631841,-50.64375762
12.57,1257,-0.040999999999999995,0.065,1.014,0.0,-0.057295800000000015,0.0,-176.71170636,-2.2631841,-50.64375762
12.58,1258,-0.040999999999999995,0.064,1.015,0.0,0.0,-0.057295800000000015,-176.71170636,-2.2631841,-50.64375762
12.59,1259,-0.040999999999999995,0.065,1.016,0.11459160000000004,0.0,0.0,-176.71170636,-2.2631841,-50.64375762
12.6,1260,-0.04,0.065,1.015,0.057295800000000015,0.0,0.0,-176.71170636,-2.25745452,-50.64375762
12.61,1261,-0.040999999999999995,0.064,1.015,0.057295800000000015,-0.057295800000000015,0.0,-176.71170636,-2.25745452,-50.64375762
12.62,1262,-0.040999999999999995,0.064,1.015,0.057295800000000015,-0.1718874,0.0,-176.71170636,-2.25745452,-50.64375762
12.63,1263,-0.042,0.063,1.015,0.0,0.0,0.0,-176.70597678,-2.25745452,-50.64375762
12.64,1264,-0.04,0.063,1.015,0.0,0.057295800000000015,0.0,-176.70597678,-2.25745452,-50.64375762
12.65,1265,-0.040999999999999995,0.063,1.015,0.0,0.0,0.0,-176.71170636,-2.25745452,-50.64375762
12.66,1266,-0.042,0.064,1.015,0.0,0.057295800000000015,0.0,-176.71170636,-2.25745452,-50.64375762
12.67,1267,-0.04,0.063,1.015,0.0,0.0,0.0,-176.71170636,-2.2631841,-50.64375762
12.68,1268,-0.040999999999999995,0.063,1.0170000000000001,-0.057295800000000015,0.0,0.0,-176.71170636,-2.2631841,-50.64375762
12.69,1269,-0.040999999999999995,0.062,1.015,-0.057295800000000015,0.0,0.0,-176.71170636,-2.2631841,-50.64375762
12.7,1270,-0.040999999999999995,0.063,1.014,-0.057295800000000015,0.0,0.0,-176.71743594,-2.26891368,-50.64375762
12.71,1271,-0.040999999999999995,0.063,1.015,-0.057295800000000015,0.0,0.0,-176.71743594,-2.26891368,-50.64375762
12.72,1272,-0.040999999999999995,0.063,1.015,-0.11459160000000004,0.0,0.0,-176.71743594,-2.26891368,-50.64375762
12.73,1273,-0.04,0.063,1.015,0.0,0.0,0.0,-176.71743594,-2.26891368,-50.64375762
12.74,1274,-0.040999999999999995,0.063,1.014,0.057295800000000015,0.0,0.0,-176.71743594,-2.26891368,-50.64375762
12.75,1275,-0.040999999999999995,0.065,1.015,0.0,-0.057295800000000015,0.0,-176.72316552,-2.28037284,-50.64375762
12.76,1276,-0.040999999999999995,0.065,1.015,0.0,0.0,0.0,-176.72316552,-2.28037284,-50.64375762
12.77,1277,-0.042,0.065,1.0170000000000001,-0.057295800000000015,0.0,0.0,-176.72316552,-2.28037284,-50.63802804
12.78,1278,-0.040999999999999995,0.064,1.016,-0.057295800000000015,0.0,0.0,-176.72316552,-2.28037284,-50.63802804
12.790000000000001,1279,-0.040999999999999995,0.064,1.016,0.0,0.0,0.0,-176.72316552,-2.28037284,-50.63802804
12.8,1280,-0.04,0.065,1.016,0.0,0.0,0.0,-176.72316552,-2.28610242,-50.63802804
12.81,1281,-0.040999999999999995,0.064,1.015,0.0,0.057295800000000015,0.0,-176.72316552,-2.28610242,-50.63802804
12.82,1282,-0.040999999999999995,0.065,1.014,0.0,0.0,0.0,-176.72316552,-2.28610242,-50.63802804
12.83,1283,-0.040999999999999995,0.066,1.014,0.057295800000000015,0.0,-0.057295800000000015,-176.72316552,-2.28610242,-50.63802804
12.84,1284,-0.042,0.064,1.014,0.1718874,-0.057295800000000015,0.057295800000000015,-176.71743594,-2.28610242,-50.63802804
12.85,1285,-0.040999999999999995,0.065,1.014,0.11459160000000004,-0.11459160000000004,0.0,-176.71743594,-2.28610242,-50.63802804
12.86,1286,-0.040999999999999995,0.065,1.013,0.11459160000000004,-0.1718874,0.0,-176.71170636,-2.28037284,-50.63802804
12.87,1287,-0.042,0.064,1.016,0.1718874,-0.286479,0.0,-176.71170636,-2.28037284,-50.63802804
12.88,1288,-0.042,0.064,1.015,0.1718874,-0.286479,0.0,-176.71170636,-2.2746432600000004,-50.63802804
12.89,1289,-0.040999999999999995,0.064,1.015,0.11459160000000004,-0.1718874,0.0,-176.70597678,-2.2746432600000004,-50.63802804
12.9,1290,-0.040999999999999995,0.064,1.016,0.1718874,-0.2291832000000001,0.0,-176.70597678,-2.2746432600000004,-50.63802804
12.91,1291,-0.040999999999999995,0.064,1.015,0.11459160000000004,-0.11459160000000004,-0.057295800000000015,-176.70597678,-2.2746432600000004,-50.63802804
12.92,1292,-0.04,0.064,1.015,0.1718874,-0.11459160000000004,0.0,-176.70597678,-2.26891368,-50.63802804
12.93,1293,-0.040999999999999995,0.064,1.016,0.11459160000000004,-0.057295800000000015,0.0,-176.70597678,-2.26891368,-50.63802804
12.94,1294,-0.04,0.064,1.015,0.057295800000000015,-0.11459160000000004,0.0,-176.70024719999995,-2.26891368,-50.63802804
12.95,1295,-0.042,0.064,1.015,0.057295800000000015,-0.057295800000000015,0.0,-176.70024719999995,-2.2746432600000004,-50.63802804
12.96,1296,-0.040999999999999995,0.064,1.015,0.0,-0.11459160000000004,0.0,-176.70024719999995,-2.26891368,-50.63802804
12.97,1297,-0.040999999999999995,0.063,1.014,0.057295800000000015,-0.2291832000000001,0.0,-176.70024719999995,-2.26891368,-50.63802804
12.98,1298,-0.040999999999999995,0.063,1.015,0.1718874,-0.3437748,0.0,-176.69451762,-2.2631841,-50.63802804
12.99,1299,-0.040999999999999995,0.063,1.015,0.1718874,-0.2291832000000001,0.0,-176.69451762,-2.2631841,-50.63802804
13.0,1300,-0.040999999999999995,0.063,1.015,0.11459160000000004,-0.057295800000000015,0.0,-176.70024719999995,-2.2631841,-50.63802804
13.01,1301,-0.04,0.063,1.015,0.11459160000000004,-0.057295800000000015,0.0,-176.69451762,-2.2631841,-50.63802804
13.02,1302,-0.040999999999999995,0.063,1.015,0.2291832000000001,0.0,0.0,-176.69451762,-2.25745452,-50.63802804
13.03,1303,-0.040999999999999995,0.063,1.013,0.1718874,0.0,0.0,-176.69451762,-2.25745452,-50.63802804
13.040000000000001,1304,-0.040999999999999995,0.063,1.012,0.2291832000000001,0.0,0.0,-176.68878804000005,-2.25745452,-50.63802804
13.05,1305,-0.042,0.064,1.014,0.1718874,0.0,0.057295800000000015,-176.68878804000005,-2.2631841,-50.63802804
13.06,1306,-0.040999999999999995,0.064,1.014,0.057295800000000015,-0.057295800000000015,0.0,-176.68305846,-2.2631841,-50.63802804
13.07,1307,-0.042,0.065,1.015,0.057295800000000015,-0.11459160000000004,0.0,-176.68305846,-2.25745452,-50.63802804
13.08,1308,-0.04,0.066,1.016,0.0,-0.11459160000000004,0.0,-176.68305846,-2.25745452,-50.63802804
13.09,1309,-0.04,0.065,1.014,0.057295800000000015,0.0,0.057295800000000015,-176.68305846,-2.25745452,-50.63802804
13.1,1310,-0.040999999999999995,0.065,1.014,0.11459160000000004,0.057295800000000015,0.057295800000000015,-176.68878804000005,-2.2631841,-50.63802804
13.11,1311,-0.040999999999999995,0.063,1.015,0.0,0.057295800000000015,0.0,-176.68878804000005,-2.2631841,-50.63802804
13.12,1312,-0.040999999999999995,0.064,1.015,0.0,0.0,0.0,-176.68878804000005,-2.2631841,-50.63802804
13.13,1313,-0.040999999999999995,0.063,1.016,0.0,-0.11459160000000004,0.0,-176.68878804000005,-2.25745452,-50.63802804
13.14,1314,-0.040999999999999995,0.063,1.016,0.057295800000000015,-0.1718874,0.0,-176.68878804000005,-2.25745452,-50.63802804
13.15,1315,-0.04,0.064,1.0170000000000001,0.1718874,-0.2291832000000001,0.057295800000000015,-176.68878804000005,-2.25745452,-50.63802804
13.16,1316,-0.04,0.063,1.016,0.11459160000000004,-0.1718874,0.057295800000000015,-176.68305846,-2.25172494,-50.63802804
13.17,1317,-0.04,0.065,1.016,0.11459160000000004,-0.11459160000000004,0.057295800000000015,-176.68305846,-2.25172494,-50.63802804
13.18,1318,-0.04,0.065,1.016,0.057295800000000015,-0.057295800000000015,0.057295800000000015,-176.68305846,-2.25172494,-50.63802804
13.19,1319,-0.04,0.065,1.015,0.057295800000000015,0.057295800000000015,0.0,-176.68305846,-2.25172494,-50.63802804
13.2,1320,-0.040999999999999995,0.067,1.015,0.11459160000000004,0.0,0.0,-176.6715993,-2.25745452,-50.64375762
13.21,1321,-0.040999999999999995,0.067,1.014,0.1718874,0.0,0.0,-176.6715993,-2.25745452,-50.64375762
13.22,1322,-0.040999999999999995,0.067,1.014,0.057295800000000015,0.0,0.057295800000000015,-176.6715993,-2.25745452,-50.64375762
13.23,1323,-0.040999999999999995,0.065,1.014,0.0,0.057295800000000015,0.0,-176.6715993,-2.25745452,-50.64375762
13.24,1324,-0.04,0.065,1.013,0.0,0.0,0.0,-176.6715993,-2.25745452,-50.64375762
13.25,1325,-0.04,0.064,1.015,0.0,0.0,0.0,-176.6715993,-2.25745452,-50.64375762
13.26,1326,-0.04,0.065,1.015,0.0,-0.1718874,0.0,-176.6715993,-2.25745452,-50.64375762
13.27,1327,-0.04,0.066,1.016,0.057295800000000015,-0.11459160000000004,0.0,-176.6715993,-2.25745452,-50.64375762
13.28,1328,-0.04,0.065,1.015,0.11459160000000004,-0.1718874,0.057295800000000015,-176.66586972,-2.25745452,-50.64375762
13.290000000000001,1329,-0.04,0.065,1.015,0.1718874,-0.11459160000000004,0.0,-176.66586972,-2.25172494,-50.64375762
13.3,1330,-0.04,0.065,1.0170000000000001,0.11459160000000004,-0.11459160000000004,0.057295800000000015,-176.66586972,-2.25172494,-50.64375762
13.31,1331,-0.04,0.065,1.016,0.057295800000000015,-0.1718874,0.0,-176.66586972,-2.25172494,-50.64375762
13.32,1332,-0.04,0.064,1.016,0.057295800000000015,0.0,0.0,-176.66586972,-2.24599536,-50.64375762
13.33,1333,-0.04,0.064,1.016,0.0,0.11459160000000004,0.0,-176.66586972,-2.25172494,-50.64375762
13.34,1334,-0.04,0.064,1.016,-0.057295800000000015,0.2291832000000001,0.0,-176.66586972,-2.25172494,-50.64375762
13.35,1335,-0.04,0.063,1.015,-0.11459160000000004,0.2291832000000001,0.0,-176.6715993,-2.25172494,-50.64375762
13.36,1336,-0.04,0.063,1.015,-0.057295800000000015,0.1718874,0.0,-176.6715993,-2.25172494,-50.64375762
13.37,1337,-0.04,0.063,1.014,-0.057295800000000015,0.11459160000000004,0.0,-176.6715993,-2.25745452,-50.64375762
13.38,1338,-0.04,0.063,1.013,0.0,0.11459160000000004,0.0,-176.6715993,-2.25745452,-50.64375762
13.39,1339,-0.04,0.063,1.013,-0.11459160000000004,0.057295800000000015,0.0,-176.6715993,-2.25745452,-50.64375762
13.4,1340,-0.04,0.063,1.015,-0.11459160000000004,0.0,0.0,-176.68878804000005,-2.24599536,-50.64375762
13.41,1341,-0.04,0.063,1.015,-0.057295800000000015,0.057295800000000015,0.0,-176.68878804000005,-2.24599536,-50.64375762
13.42,1342,-0.039,0.064,1.014,0.0,0.057295800000000015,0.0,-176.68878804000005,-2.24599536,-50.64375762
13.43,1343,-0.04,0.065,1.016,0.0,0.0,0.0,-176.68878804000005,-2.24599536,-50.64375762
13.44,1344,-0.04,0.066,1.016,0.0,0.11459160000000004,0.0,-176.68878804000005,-2.25172494,-50.64375762
13.45,1345,-0.04,0.066,1.0170000000000001,-0.057295800000000015,0.11459160000000004,0.0,-176.68878804000005,-2.25172494,-50.64375762
13.46,1346,-0.040999999999999995,0.067,1.0170000000000001,-0.11459160000000004,0.11459160000000004,0.0,-176.68878804000005,-2.25172494,-50.64375762
13.47,1347,-0.040999999999999995,0.066,1.015,-0.057295800000000015,0.1718874,0.0,-176.68878804000005,-2.25172494,-50.64375762
13.48,1348,-0.04,0.067,1.015,-0.057295800000000015,0.11459160000000004,0.0,-176.68878804000005,-2.25745452,-50.64375762
13.49,1349,-0.04,0.067,1.016,-0.11459160000000004,0.1718874,-0.057295800000000015,-176.69451762,-2.25745452,-50.64375762
13.5,1350,-0.04,0.066,1.015,-0.057295800000000015,0.286479,0.0,-176.69451762,-2.2631841,-50.64375762
13.51,1351,-0.04,0.067,1.015,-0.057295800000000015,0.11459160000000004,0.0,-176.69451762,-2.26891368,-50.64375762
13.52,1352,-0.04,0.067,1.015,0.0,0.2291832000000001,0.0,-176.69451762,-2.26891368,-50.64375762
13.53,1353,-0.04,0.068,1.014,-0.057295800000000015,0.2291832000000001,0.0,-176.70024719999995,-2.26891368,-50.64375762
13.540000000000001,1354,-0.039,0.067,1.015,-0.057295800000000015,0.1718874,-0.057295800000000015,-176.70024719999995,-2.2746432600000004,-50.64375762
13.55,1355,-0.04,0.066,1.016,0.0,0.11459160000000004,0.0,-176.68878804000005,-2.2746432600000004,-50.64375762
13.56,1356,-0.04,0.066,1.015,0.0,0.057295800000000015,-0.057295800000000015,-176.68878804000005,-2.2746432600000004,-50.64375762
13.57,1357,-0.04,0.067,1.015,0.0,0.1718874,-0.057295800000000015,-176.68878804000005,-2.2746432600000004,-50.64375762
13.58,1358,-0.04,0.066,1.015,0.0,0.0,0.0,-176.68878804000005,-2.2746432600000004,-50.64375762
13.59,1359,-0.04,0.065,1.016,-0.11459160000000004,0.0,-0.057295800000000015,-176.68878804000005,-2.2746432600000004,-50.63802804
13.6,1360,-0.04,0.065,1.016,-0.1718874,0.057295800000000015,0.0,-176.69451762,-2.26891368,-50.63802804
13.61,1361,-0.04,0.064,1.015,-0.1718874,0.057295800000000015,-0.11459160000000004,-176.70024719999995,-2.2746432600000004,-50.63802804
13.62,1362,-0.04,0.065,1.014,-0.1718874,0.2291832000000001,-0.057295800000000015,-176.70024719999995,-2.2746432600000004,-50.63802804
13.63,1363,-0.04,0.064,1.014,-0.1718874,0.1718874,-0.057295800000000015,-176.70597678,-2.2746432600000004,-50.63802804
13.64,1364,-0.04,0.064,1.013,-0.1718874,0.0,-0.11459160000000004,-176.70597678,-2.2746432600000004,-50.63802804
13.65,1365,-0.04,0.063,1.014,-0.11459160000000004,-0.057295800000000015,-0.057295800000000015,-176.70597678,-2.2746432600000004,-50.63802804
13.66,1366,-0.04,0.064,1.015,-0.1718874,-0.11459160000000004,0.0,-176.71170636,-2.2746432600000004,-50.63229846
13.67,1367,-0.04,0.064,1.016,-0.057295800000000015,-0.057295800000000015,0.0,-176.71170636,-2.2746432600000004,-50.63229846
13.68,1368,-0.039,0.063,1.0170000000000001,-0.057295800000000015,0.0,0.0,-176.71170636,-2.2746432600000004,-50.63802804
13.69,1369,-0.039,0.064,1.016,-0.057295800000000015,0.0,0.0,-176.71170636,-2.2746432600000004,-50.63802804
13.7,1370,-0.04,0.064,1.015,0.0,0.11459160000000004,0.0,-176.72316552,-2.26891368,-50.63229846
13.71,1371,-0.04,0.065,1.015,-0.057295800000000015,0.1718874,0.0,-176.72316552,-2.26891368,-50.63229846
13.72,1372,-0.04,0.064,1.014,-0.057295800000000015,0.2291832000000001,0.0,-176.72316552,-2.2746432600000004,-50.63802804
13.73,1373,-0.04,0.064,1.014,-0.057295800000000015,0.0,0.0,-176.72316552,-2.2746432600000004,-50.63802804
13.74,1374,-0.042,0.065,1.0170000000000001,-0.2291832000000001,-0.057295800000000015,0.0,-176.7288951,-2.2746432600000004,-50.63802804
13.75,1375,-0.039,0.066,1.016,-0.1718874,-0.057295800000000015,0.0,-176.71743594,-2.26891368,-50.63802804
13.76,1376,-0.039,0.068,1.016,-0.2291832000000001,-0.11459160000000004,0.057295800000000015,-176.72316552,-2.2631841,-50.63802804
13.77,1377,-0.04,0.068,1.016,-0.1718874,-0.057295800000000015,0.0,-176.72316552,-2.2631841,-50.63802804
13.78,1378,-0.04,0.068,1.014,-0.11459160000000004,0.0,0.0,-176.72316552,-2.2631841,-50.63802804
13.790000000000001,1379,-0.04,0.067,1.013,-0.11459160000000004,0.057295800000000015,0.0,-176.72316552,-2.2631841,-50.63802804
13.8,1380,-0.039,0.068,1.014,-0.11459160000000004,0.11459160000000004,0.0,-176.71743594,-2.2631841,-50.63802804
13.81,1381,-0.04,0.067,1.0170000000000001,-0.1718874,0.0,0.057295800000000015,-176.71743594,-2.2631841,-50.63802804
13.82,1382,-0.039,0.065,1.015,-0.2291832000000001,-0.057295800000000015,0.0,-176.71743594,-2.2631841,-50.63802804
13.83,1383,-0.04,0.067,1.015,0.0,-0.1718874,0.0,-176.71743594,-2.2631841,-50.63802804
13.84,1384,-0.04,0.067,1.015,0.057295800000000015,-0.1718874,0.0,-176.71743594,-2.25745452,-50.63802804
13.85,1385,-0.04,0.067,1.016,0.0,-0.11459160000000004,0.0,-176.70597678,-2.25172494,-50.63802804
13.86,1386,-0.04,0.066,1.016,-0.057295800000000015,-0.057295800000000015,0.057295800000000015,-176.70597678,-2.25172494,-50.63802804
13.87,1387,-0.04,0.066,1.015,-0.057295800000000015,0.0,0.0,-176.70597678,-2.25172494,-50.63802804
13.88,1388,-0.040999999999999995,0.066,1.014,-0.11459160000000004,0.0,0.0,-176.70597678,-2.25172494,-50.63802804
13.89,1389,-0.04,0.066,1.015,0.0,0.0,0.0,-176.70597678,-2.25172494,-50.63802804
13.9,1390,-0.04,0.066,1.016,0.0,0.057295800000000015,0.0,-176.70597678,-2.25172494,-50.64375762
13.91,1391,-0.040999999999999995,0.065,1.016,-0.11459160000000004,0.057295800000000015,0.0,-176.70597678,-2.25172494,-50.64375762
13.92,1392,-0.04,0.064,1.014,-0.1718874,0.057295800000000015,0.0,-176.70597678,-2.25172494,-50.64375762
13.93,1393,-0.039,0.063,1.013,-0.1718874,0.11459160000000004,0.0,-176.71170636,-2.25172494,-50.64375762
13.94,1394,-0.040999999999999995,0.062,1.013,0.0,0.0,0.0,-176.71170636,-2.25172494,-50.64375762
13.95,1395,-0.04,0.062,1.014,0.0,-0.057295800000000015,0.0,-176.73462468,-2.25172494,-50.63802804
13.96,1396,-0.04,0.062,1.014,0.057295800000000015,-0.057295800000000015,0.0,-176.73462468,-2.25172494,-50.64375762
13.97,1397,-0.04,0.063,1.015,0.057295800000000015,-0.057295800000000015,0.0,-176.73462468,-2.25172494,-50.63802804
13.98,1398,-0.04,0.062,1.015,0.1718874,-0.11459160000000004,0.0,-176.73462468,-2.24599536,-50.64375762
13.99,1399,-0.04,0.063,1.014,0.057295800000000015,-0.1718874,0.0,-176.73462468,-2.24599536,-50.63802804
14.0,1400,-0.04,0.063,1.0170000000000001,0.0,-0.11459160000000004,0.0,-176.74608383999995,-2.24026578,-50.63802804
14.01,1401,-0.04,0.064,1.016,0.0,0.0,0.0,-176.74608383999995,-2.24026578,-50.63802804
14.02,1402,-0.04,0.064,1.015,0.0,0.11459160000000004,0.057295800000000015,-176.74608383999995,-2.24026578,-50.64375762
14.03,1403,-0.040999999999999995,0.064,1.016,0.0,0.2291832000000001,0.0,-176.74608383999995,-2.24599536,-50.64375762
14.040000000000001,1404,-0.04,0.064,1.015,0.0,0.2291832000000001,0.057295800000000015,-176.74608383999995,-2.24599536,-50.64375762
14.05,1405,-0.04,0.065,1.015,-0.057295800000000015,0.2291832000000001,0.0,-176.74035426,-2.24599536,-50.64375762
14.06,1406,-0.040999999999999995,0.064,1.015,-0.057295800000000015,0.11459160000000004,0.0,-176.74035426,-2.24599536,-50.64375762
14.07,1407,-0.04,0.065,1.016,0.0,0.057295800000000015,0.0,-176.74035426,-2.25172494,-50.64375762
14.08,1408,-0.04,0.065,1.015,0.0,0.057295800000000015,0.0,-176.74035426,-2.25172494,-50.64375762
14.09,1409,-0.04,0.065,1.015,0.0,0.057295800000000015,0.0,-176.74035426,-2.25172494,-50.64375762
14.1,1410,-0.04,0.066,1.014,0.0,0.0,0.0,-176.7288951,-2.25172494,-50.64375762
14.11,1411,-0.04,0.065,1.015,0.0,0.057295800000000015,0.057295800000000015,-176.7288951,-2.25172494,-50.64375762
14.12,1412,-0.04,0.067,1.016,0.0,0.0,0.057295800000000015,-176.7288951,-2.25172494,-50.64375762
14.13,1413,-0.040999999999999995,0.066,1.016,0.057295800000000015,0.0,0.0,-176.72316552,-2.25172494,-50.64375762
14.14,1414,-0.040999999999999995,0.067,1.015,0.0,0.0,0.0,-176.72316552,-2.25172494,-50.64375762
14.15,1415,-0.040999999999999995,0.066,1.015,0.057295800000000015,0.0,0.0,-176.70597678,-2.25745452,-50.6494872
14.16,1416,-0.040999999999999995,0.066,1.014,0.0,0.057295800000000015,0.0,-176.70597678,-2.2631841,-50.6494872
14.17,1417,-0.040999999999999995,0.065,1.016,0.0,0.0,-0.057295800000000015,-176.70597678,-2.2631841,-50.64375762
14.18,1418,-0.04,0.065,1.016,0.0,0.057295800000000015,0.0,-176.70597678,-2.2631841,-50.64375762
14.19,1419,-0.04,0.064,1.015,0.0,0.11459160000000004,0.0,-176.70024719999995,-2.2631841,-50.64375762
14.2,1420,-0.04,0.065,1.015,0.0,0.11459160000000004,0.0,-176.70024719999995,-2.2631841,-50.64375762
14.21,1421,-0.04,0.065,1.015,0.0,0.2291832000000001,-0.057295800000000015,-176.70024719999995,-2.2631841,-50.64375762
14.22,1422,-0.04,0.064,1.014,0.057295800000000015,0.11459160000000004,0.0,-176.70024719999995,-2.2631841,-50.64375762
14.23,1423,-0.040999999999999995,0.063,1.014,0.057295800000000015,0.0,0.0,-176.70024719999995,-2.2631841,-50.64375762
14.24,1424,-0.040999999999999995,0.062,1.014,0.057295800000000015,0.0,0.0,-176.69451762,-2.2631841,-50.64375762
14.25,1425,-0.04,0.063,1.014,0.057295800000000015,0.0,0.0,-176.71170636,-2.25745452,-50.64375762
14.26,1426,-0.040999999999999995,0.064,1.014,0.057295800000000015,0.0,0.0,-176.70597678,-2.25745452,-50.64375762
14.27,1427,-0.04,0.063,1.015,0.057295800000000015,-0.057295800000000015,0.0,-176.70597678,-2.25745452,-50.64375762
14.28,1428,-0.040999999999999995,0.063,1.014,0.0,0.0,-0.057295800000000015,-176.70597678,-2.25745452,-50.64375762
14.290000000000001,1429,-0.042,0.062,1.016,0.0,0.0,0.0,-176.70597678,-2.25745452,-50.64375762
14.3,1430,-0.04,0.062,1.015,0.0,0.0,0.0,-176.72316552,-2.25745452,-50.63802804
14.31,1431,-0.040999999999999995,0.063,1.015,0.0,0.0,0.0,-176.72316552,-2.25745452,-50.63802804
14.32,1432,-0.04,0.063,1.014,0.0,-0.057295800000000015,0.0,-176.72316552,-2.25745452,-50.64375762
14.33,1433,-0.040999999999999995,0.064,1.015,0.057295800000000015,-0.2291832000000001,0.0,-176.72316552,-2.25745452,-50.63802804
14.34,1434,-0.040999999999999995,0.064,1.014,0.057295800000000015,-0.40107059999999994,0.0,-176.72316552,-2.25172494,-50.63802804
14.35,1435,-0.04,0.064,1.015,0.0,-0.286479,0.0,-176.71743594,-2.24599536,-50.63802804
14.36,1436,-0.04,0.065,1.016,0.11459160000000004,-0.286479,0.0,-176.71743594,-2.24599536,-50.63802804
14.37,1437,-0.040999999999999995,0.066,1.015,0.11459160000000004,-0.11459160000000004,0.0,-176.71743594,-2.24599536,-50.63802804
14.38,1438,-0.04,0.065,1.015,0.11459160000000004,-0.057295800000000015,-0.057295800000000015,-176.71743594,-2.24026578,-50.63802804
14.39,1439,-0.040999999999999995,0.066,1.015,0.11459160000000004,-0.1718874,0.0,-176.71170636,-2.24026578,-50.63802804
14.4,1440,-0.04,0.066,1.015,0.11459160000000004,0.0,0.0,-176.71170636,-2.24026578,-50.63802804
14.41,1441,-0.042,0.065,1.013,0.1718874,-0.057295800000000015,0.0,-176.71170636,-2.24026578,-50.63802804
14.42,1442,-0.040999999999999995,0.065,1.013,0.286479,-0.1718874,0.0,-176.70597678,-2.24026578,-50.63802804
14.43,1443,-0.040999999999999995,0.065,1.014,0.2291832000000001,-0.11459160000000004,0.0,-176.70597678,-2.2345362,-50.63802804
14.44,1444,-0.040999999999999995,0.066,1.016,0.11459160000000004,-0.1718874,0.0,-176.70597678,-2.2345362,-50.63802804
14.45,1445,-0.04,0.067,1.016,0.1718874,-0.286479,0.0,-176.69451762,-2.2345362,-50.63802804
14.46,1446,-0.04,0.066,1.016,0.1718874,-0.286479,0.0,-176.69451762,-2.22880662,-50.63802804
14.47,1447,-0.04,0.065,1.013,0.11459160000000004,-0.11459160000000004,0.0,-176.68878804000005,-2.22880662,-50.63802804
14.48,1448,-0.04,0.064,1.013,0.2291832000000001,0.0,0.0,-176.68878804000005,-2.22880662,-50.63802804
14.49,1449,-0.04,0.064,1.014,0.057295800000000015,0.0,0.0,-176.68878804000005,-2.22880662,-50.63802804
14.5,1450,-0.04,0.063,1.016,0.0,-0.057295800000000015,0.0,-176.70024719999995,-2.24026578,-50.63802804
14.51,1451,-0.042,0.064,1.016,0.0,-0.1718874,-0.057295800000000015,-176.70024719999995,-2.2345362,-50.63802804
14.52,1452,-0.04,0.063,1.0170000000000001,0.0,-0.11459160000000004,-0.057295800000000015,-176.70024719999995,-2.2345362,-50.63229846
14.53,1453,-0.039,0.064,1.016,0.1718874,-0.286479,0.0,-176.70024719999995,-2.22880662,-50.63229846
14.540000000000001,1454,-0.04,0.064,1.016,0.11459160000000004,-0.11459160000000004,0.0,-176.69451762,-2.22880662,-50.63229846
14.55,1455,-0.040999999999999995,0.063,1.014,0.0,-0.2291832000000001,0.0,-176.70024719999995,-2.22880662,-50.63229846
14.56,1456,-0.04,0.063,1.014,0.0,-0.11459160000000004,0.0,-176.70024719999995,-2.22880662,-50.63229846
14.57,1457,-0.04,0.064,1.013,0.0,-0.057295800000000015,0.0,-176.70024719999995,-2.22880662,-50.63229846
14.58,1458,-0.04,0.064,1.014,0.0,0.0,0.0,-176.70024719999995,-2.22880662,-50.63802804
14.59,1459,-0.039,0.064,1.015,0.0,0.0,0.0,-176.70024719999995,-2.22880662,-50.63229846
14.6,1460,-0.04,0.066,1.014,0.057295800000000015,0.057295800000000015,0.0,-176.68305846,-2.2345362,-50.63802804
14.61,1461,-0.04,0.065,1.015,0.0,0.11459160000000004,0.057295800000000015,-176.68305846,-2.2345362,-50.63802804
14.62,1462,-0.04,0.065,1.014,0.0,0.11459160000000004,0.0,-176.68305846,-2.2345362,-50.63802804
14.63,1463,-0.04,0.065,1.013,0.0,0.0,0.0,-176.68305846,-2.24026578,-50.63802804
14.64,1464,-0.04,0.066,1.013,0.0,0.0,0.0,-176.68305846,-2.2345362,-50.63802804
14.65,1465,-0.04,0.065,1.015,0.057295800000000015,-0.057295800000000015,0.0,-176.68305846,-2.2345362,-50.63802804
14.66,1466,-0.04,0.066,1.015,0.057295800000000015,0.0,0.0,-176.67732887999995,-2.2345362,-50.63802804
14.67,1467,-0.04,0.066,1.016,0.11459160000000004,0.0,0.0,-176.67732887999995,-2.2345362,-50.63802804
14.68,1468,-0.04,0.065,1.016,0.057295800000000015,-0.1718874,0.0,-176.67732887999995,-2.2345362,-50.63802804
14.69,1469,-0.04,0.066,1.0170000000000001,0.057295800000000015,-0.1718874,0.0,-176.67732887999995,-2.22880662,-50.63802804
14.7,1470,-0.040999999999999995,0.065,1.0170000000000001,0.0,-0.057295800000000015,0.0,-176.67732887999995,-2.22880662,-50.63802804
14.71,1471,-0.04,0.064,1.014,0.11459160000000004,0.11459160000000004,0.0,-176.67732887999995,-2.2345362,-50.63802804
14.72,1472,-0.039,0.066,1.014,0.1718874,0.1718874,0.0,-176.6715993,-2.2345362,-50.63802804
14.73,1473,-0.04,0.064,1.016,0.11459160000000004,0.11459160000000004,0.057295800000000015,-176.6715993,-2.2345362,-50.63802804
14.74,1474,-0.04,0.065,1.015,-0.057295800000000015,0.057295800000000015,0.0,-176.6715993,-2.2345362,-50.63802804
14.75,1475,-0.039,0.064,1.015,0.0,0.057295800000000015,0.0,-176.68878804000005,-2.22880662,-50.63802804
14.76,1476,-0.04,0.065,1.015,0.0,0.057295800000000015,0.057295800000000015,-176.68878804000005,-2.22880662,-50.63802804
14.77,1477,-0.04,0.065,1.015,0.11459160000000004,0.11459160000000004,0.0,-176.68878804000005,-2.22880662,-50.64375762
14.78,1478,-0.04,0.064,1.014,0.0,0.057295800000000015,0.0,-176.68878804000005,-2.2345362,-50.64375762
14.790000000000001,1479,-0.04,0.065,1.014,0.0,0.057295800000000015,0.0,-176.68878804000005,-2.2345362,-50.64375762
14.8,1480,-0.04,0.064,1.014,0.057295800000000015,0.0,0.0,-176.68878804000005,-2.22880662,-50.64375762
14.81,1481,-0.039,0.065,1.016,0.11459160000000004,-0.057295800000000015,0.0,-176.68305846,-2.22880662,-50.64375762
14.82,1482,-0.04,0.066,1.015,0.057295800000000015,-0.057295800000000015,0.057295800000000015,-176.68305846,-2.22880662,-50.64375762
14.83,1483,-0.04,0.066,1.016,0.0,0.0,0.0,-176.68305846,-2.22880662,-50.64375762
14.84,1484,-0.039,0.066,1.016,-0.057295800000000015,0.0,0.0,-176.68305846,-2.22880662,-50.64375762
14.85,1485,-0.038,0.067,1.016,-0.057295800000000015,-0.057295800000000015,0.057295800000000015,-176.66586972,-2.21734746,-50.64375762
14.86,1486,-0.039,0.066,1.015,0.0,0.11459160000000004,0.057295800000000015,-176.66586972,-2.21734746,-50.64375762
14.87,1487,-0.039,0.066,1.015,0.0,0.1718874,0.0,-176.66586972,-2.22307704,-50.64375762
14.88,1488,-0.039,0.067,1.014,0.0,0.1718874,0.0,-176.66586972,-2.22307704,-50.64375762
14.89,1489,-0.039,0.067,1.014,0.0,0.2291832000000001,0.0,-176.66586972,-2.22307704,-50.64375762
14.9,1490,-0.04,0.067,1.014,0.0,0.11459160000000004,0.0,-176.64868098,-2.22307704,-50.6494872
14.91,1491,-0.04,0.066,1.014,-0.057295800000000015,0.11459160000000004,0.057295800000000015,-176.64868098,-2.22307704,-50.6494872
14.92,1492,-0.040999999999999995,0.066,1.014,0.0,0.057295800000000015,-0.057295800000000015,-176.64868098,-2.22307704,-50.6494872
14.93,1493,-0.04,0.066,1.014,0.0,0.0,-0.057295800000000015,-176.65441056,-2.22880662,-50.6494872
14.94,1494,-0.039,0.066,1.015,0.0,-0.057295800000000015,0.0,-176.65441056,-2.22307704,-50.6494872
14.95,1495,-0.039,0.065,1.015,0.057295800000000015,-0.057295800000000015,0.0,-176.65441056,-2.22307704,-50.64375762
14.96,1496,-0.039,0.065,1.015,0.057295800000000015,-0.057295800000000015,0.0,-176.65441056,-2.22307704,-50.64375762
14.97,1497,-0.04,0.066,1.016,0.11459160000000004,-0.057295800000000015,0.0,-176.65441056,-2.22307704,-50.64375762
14.98,1498,-0.039,0.066,1.016,0.0,0.0,0.0,-176.65441056,-2.22307704,-50.64375762
14.99,1499,-0.04,0.066,1.015,0.0,0.057295800000000015,0.0,-176.65441056,-2.22307704,-50.64375762
15.0,1500,-0.039,0.067,1.015,0.0,0.0,-0.057295800000000015,-176.6429514,-2.22307704,-50.64375762
15.01,1501,-0.039,0.065,1.014,0.0,0.0,-0.057295800000000015,-176.6429514,-2.22307704,-50.64375762
15.02,1502,-0.039,0.065,1.014,0.0,0.0,0.0,-176.6429514,-2.22307704,-50.64375762
15.03,1503,-0.039,0.066,1.015,0.0,0.0,0.0,-176.6429514,-2.22307704,-50.64375762
15.040000000000001,1504,-0.04,0.066,1.016,0.0,0.0,0.0,-176.64868098,-2.22307704,-50.64375762
15.05,1505,-0.04,0.066,1.016,-0.11459160000000004,0.0,0.0,-176.64868098,-2.22307704,-50.64375762
15.06,1506,-0.039,0.065,1.016,-0.1718874,0.057295800000000015,0.0,-176.64868098,-2.22307704,-50.64375762
15.07,1507,-0.039,0.064,1.015,-0.1718874,0.11459160000000004,0.0,-176.64868098,-2.22307704,-50.64375762
15.08,1508,-0.039,0.065,1.015,-0.057295800000000015,0.0,0.0,-176.65441056,-2.22307704,-50.64375762
15.09,1509,-0.039,0.065,1.015,-0.057295800000000015,0.2291832000000001,0.0,-176.65441056,-2.22880662,-50.64375762
15.1,1510,-0.039,0.066,1.012,0.1718874,0.057295800000000015,0.0,-176.64868098,-2.22307704,-50.64375762
15.11,1511,-0.04,0.066,1.012,0.2291832000000001,-0.057295800000000015,0.0,-176.6429514,-2.22307704,-50.64375762
15.12,1512,-0.04,0.067,1.013,0.11459160000000004,-0.11459160000000004,0.057295800000000015,-176.6429514,-2.22307704,-50.64375762
15.13,1513,-0.04,0.067,1.012,0.11459160000000004,-0.1718874,0.0,-176.6429514,-2.22307704,-50.64375762
15.14,1514,-0.04,0.069,1.0170000000000001,0.057295800000000015,-0.2291832000000001,0.0,-176.6429514,-2.21734746,-50.64375762
15.15,1515,-0.039,0.069,1.0190000000000001,-0.057295800000000015,-0.40107059999999994,0.0,-176.63722182,-2.21161788,-50.64375762
15.16,1516,-0.039,0.068,1.016,-0.11459160000000004,-0.2291832000000001,0.0,-176.63722182,-2.21161788,-50.64375762
15.17,1517,-0.038,0.066,1.013,-0.11459160000000004,0.0,0.0,-176.63722182,-2.21161788,-50.64375762
15.18,1518,-0.039,0.064,1.014,-0.11459160000000004,0.1718874,0.0,-176.6429514,-2.21161788,-50.64375762
15.19,1519,-0.039,0.064,1.018,-0.1718874,0.1718874,-0.057295800000000015,-176.6429514,-2.21161788,-50.64375762
15.2,1520,-0.039,0.065,1.016,-0.2291832000000001,0.057295800000000015,0.0,-176.6429514,-2.21734746,-50.64375762
15.21,1521,-0.039,0.065,1.0170000000000001,0.0,-0.057295800000000015,0.057295800000000015,-176.64868098,-2.21161788,-50.64375762
15.22,1522,-0.039,0.065,1.016,0.057295800000000015,-0.057295800000000015,0.0,-176.6429514,-2.21161788,-50.64375762
15.23,1523,-0.039,0.066,1.014,0.057295800000000015,-0.057295800000000015,0.0,-176.6429514,-2.21161788,-50.64375762
15.24,1524,-0.039,0.066,1.014,0.0,-0.2291832000000001,0.0,-176.6429514,-2.21161788,-50.64375762
15.25,1525,-0.039,0.067,1.015,0.0,-0.11459160000000004,0.0,-176.6429514,-2.20015872,-50.64375762
15.26,1526,-0.04,0.067,1.013,-0.057295800000000015,0.0,0.0,-176.6429514,-2.20015872,-50.64375762
15.27,1527,-0.039,0.068,1.014,0.0,0.0,0.0,-176.6429514,-2.20015872,-50.64375762
15.28,1528,-0.039,0.068,1.015,0.0,0.0,0.0,-176.6429514,-2.20015872,-50.64375762
15.290000000000001,1529,-0.039,0.069,1.015,-0.057295800000000015,0.057295800000000015,-0.057295800000000015,-176.6429514,-2.20015872,-50.64375762
15.3,1530,-0.039,0.068,1.014,-0.1718874,0.057295800000000015,0.0,-176.63149224,-2.19442914,-50.64375762
15.31,1531,-0.039,0.068,1.014,-0.11459160000000004,0.11459160000000004,0.0,-176.63722182,-2.20015872,-50.64375762
15.32,1532,-0.038,0.067,1.015,0.0,0.11459160000000004,0.0,-176.63722182,-2.20015872,-50.64375762
15.33,1533,-0.038,0.067,1.016,0.0,0.057295800000000015,0.0,-176.63722182,-2.20015872,-50.64375762
15.34,1534,-0.039,0.067,1.016,0.11459160000000004,0.0,0.0,-176.63149224,-2.20015872,-50.64375762
15.35,1535,-0.039,0.067,1.015,0.057295800000000015,0.0,0.0,-176.62003308,-2.19442914,-50.64375762
15.36,1536,-0.038,0.066,1.013,0.1718874,0.0,0.0,-176.6143035,-2.19442914,-50.64375762
15.37,1537,-0.038,0.066,1.015,0.057295800000000015,0.0,-0.057295800000000015,-176.6143035,-2.19442914,-50.64375762
15.38,1538,-0.039,0.067,1.015,0.0,0.0,-0.057295800000000015,-176.6143035,-2.19442914,-50.63802804
15.39,1539,-0.039,0.066,1.015,-0.057295800000000015,0.057295800000000015,-0.057295800000000015,-176.6143035,-2.20015872,-50.63802804
15.4,1540,-0.039,0.066,1.016,-0.11459160000000004,0.1718874,-0.057295800000000015,-176.62003308,-2.20015872,-50.63802804
15.41,1541,-0.039,0.066,1.016,-0.11459160000000004,0.1718874,0.0,-176.62003308,-2.20015872,-50.63802804
15.42,1542,-0.039,0.065,1.015,0.0,0.3437748,0.0,-176.62003308,-2.2058883,-50.63802804
15.43,1543,-0.04,0.066,1.016,0.0,0.40107059999999994,0.0,-176.62003308,-2.21161788,-50.63802804
15.44,1544,-0.039,0.065,1.018,0.0,0.3437748,0.057295800000000015,-176.62576266000005,-2.21161788,-50.64375762
15.45,1545,-0.039,0.066,1.0170000000000001,-0.11459160000000004,0.40107059999999994,0.0,-176.62576266000005,-2.21734746,-50.64375762
15.46,1546,-0.04,0.065,1.016,-0.1718874,0.4583664000000001,0.0,-176.62576266000005,-2.22307704,-50.64375762
15.47,1547,-0.039,0.065,1.014,-0.11459160000000004,0.2291832000000001,0.0,-176.62576266000005,-2.22880662,-50.64375762
15.48,1548,-0.04,0.065,1.013,-0.057295800000000015,0.0,0.0,-176.62576266000005,-2.22880662,-50.64375762
15.49,1549,-0.039,0.066,1.013,0.0,-0.1718874,0.057295800000000015,-176.62576266000005,-2.22307704,-50.64375762
15.5,1550,-0.038,0.067,1.015,0.0,-0.1718874,0.0,-176.62003308,-2.21161788,-50.64375762
15.51,1551,-0.04,0.067,1.014,-0.057295800000000015,-0.057295800000000015,0.057295800000000015,-176.62003308,-2.21161788,-50.64375762
15.52,1552,-0.039,0.068,1.014,-0.057295800000000015,0.0,0.057295800000000015,-176.62003308,-2.21161788,-50.64375762
15.53,1553,-0.039,0.067,1.014,0.0,0.0,0.057295800000000015,-176.62003308,-2.21161788,-50.64375762
15.540000000000001,1554,-0.039,0.068,1.014,0.0,0.057295800000000015,0.0,-176.62003308,-2.21734746,-50.64375762
15.55,1555,-0.039,0.067,1.014,-0.057295800000000015,0.057295800000000015,0.11459160000000004,-176.62003308,-2.21161788,-50.6494872
15.56,1556,-0.039,0.067,1.015,-0.057295800000000015,-0.057295800000000015,0.057295800000000015,-176.62003308,-2.21161788,-50.6494872
15.57,1557,-0.039,0.068,1.0170000000000001,-0.057295800000000015,-0.11459160000000004,0.0,-176.62003308,-2.21161788,-50.6494872
15.58,1558,-0.039,0.066,1.0170000000000001,-0.057295800000000015,0.0,0.057295800000000015,-176.62003308,-2.21161788,-50.6494872
15.59,1559,-0.039,0.067,1.0170000000000001,0.0,0.0,0.057295800000000015,-176.62003308,-2.21161788,-50.6494872
15.6,1560,-0.038,0.067,1.016,0.0,0.0,0.0,-176.6143035,-2.20015872,-50.6494872
15.61,1561,-0.038,0.067,1.016,0.0,0.0,0.0,-176.6143035,-2.2058883,-50.6494872
15.620000000000001,1562,-0.039,0.068,1.014,0.0,0.057295800000000015,0.0,-176.6143035,-2.2058883,-50.6494872
15.63,1563,-0.039,0.068,1.015,0.0,0.0,0.0,-176.6143035,-2.2058883,-50.6494872
15.64,1564,-0.039,0.067,1.015,0.0,0.0,0.0,-176.6143035,-2.2058883,-50.6494872
15.65,1565,-0.039,0.067,1.015,0.0,0.0,0.0,-176.60284434,-2.19442914,-50.6494872
15.66,1566,-0.039,0.068,1.015,0.0,0.0,0.0,-176.60284434,-2.19442914,-50.6494872
15.67,1567,-0.039,0.067,1.015,0.0,0.0,0.0,-176.60284434,-2.20015872,-50.6494872
15.68,1568,-0.039,0.068,1.015,0.0,0.0,0.0,-176.60284434,-2.20015872,-50.6494872
15.69,1569,-0.04,0.068,1.015,-0.057295800000000015,0.0,0.0,-176.60284434,-2.19442914,-50.6494872
15.7,1570,-0.039,0.066,1.014,0.0,-0.2291832000000001,0.0,-176.60857392,-2.20015872,-50.6494872
15.71,1571,-0.04,0.067,1.015,-0.057295800000000015,-0.2291832000000001,0.0,-176.60857392,-2.19442914,-50.6494872
15.72,1572,-0.039,0.067,1.015,0.0,-0.286479,0.0,-176.60857392,-2.19442914,-50.6494872
15.73,1573,-0.039,0.067,1.016,0.0,-0.286479,0.0,-176.60857392,-2.18869956,-50.6494872
15.74,1574,-0.039,0.068,1.0170000000000001,-0.057295800000000015,-0.11459160000000004,0.0,-176.60857392,-2.18869956,-50.6494872
15.75,1575,-0.039,0.066,1.016,-0.11459160000000004,0.0,-0.057295800000000015,-176.62003308,-2.18296998,-50.6494872
15.76,1576,-0.039,0.066,1.0170000000000001,-0.11459160000000004,0.057295800000000015,-0.057295800000000015,-176.62003308,-2.18869956,-50.64375762
15.77,1577,-0.039,0.066,1.015,0.0,0.1718874,-0.057295800000000015,-176.62003308,-2.18869956,-50.64375762
15.78,1578,-0.039,0.066,1.013,0.0,0.286479,0.0,-176.62003308,-2.18869956,-50.64375762
15.790000000000001,1579,-0.04,0.065,1.013,0.0,0.0,0.0,-176.62003308,-2.19442914,-50.64375762
15.8,1580,-0.04,0.065,1.015,0.0,0.057295800000000015,0.0,-176.62003308,-2.20015872,-50.64375762
15.81,1581,-0.039,0.067,1.013,-0.11459160000000004,0.11459160000000004,-0.057295800000000015,-176.62003308,-2.20015872,-50.64375762
15.82,1582,-0.039,0.067,1.015,-0.11459160000000004,-0.057295800000000015,0.0,-176.62003308,-2.20015872,-50.64375762
15.83,1583,-0.04,0.067,1.016,-0.286479,-0.1718874,0.0,-176.62576266000005,-2.20015872,-50.64375762
15.84,1584,-0.038,0.066,1.013,-0.2291832000000001,-0.1718874,0.0,-176.63149224,-2.20015872,-50.64375762
15.85,1585,-0.039,0.066,1.012,-0.11459160000000004,-0.057295800000000015,0.0,-176.62003308,-2.19442914,-50.64375762
15.86,1586,-0.04,0.065,1.014,-0.1718874,0.057295800000000015,0.0,-176.62003308,-2.19442914,-50.64375762
15.870000000000001,1587,-0.04,0.065,1.016,-0.286479,0.0,-0.057295800000000015,-176.62576266000005,-2.19442914,-50.64375762
15.88,1588,-0.04,0.065,1.0170000000000001,-0.2291832000000001,-0.057295800000000015,-0.057295800000000015,-176.62576266000005,-2.19442914,-50.64375762
15.89,1589,-0.039,0.065,1.016,-0.11459160000000004,-0.11459160000000004,0.0,-176.63149224,-2.19442914,-50.64375762
15.9,1590,-0.039,0.066,1.016,0.057295800000000015,-0.2291832000000001,0.0,-176.62576266000005,-2.19442914,-50.64375762
15.91,1591,-0.039,0.067,1.016,0.057295800000000015,0.0,0.0,-176.62576266000005,-2.19442914,-50.64375762
15.92,1592,-0.04,0.068,1.016,0.0,0.0,0.0,-176.62576266000005,-2.19442914,-50.64375762
15.93,1593,-0.039,0.067,1.015,0.0,0.0,0.0,-176.62576266000005,-2.19442914,-50.64375762
15.94,1594,-0.039,0.068,1.014,0.0,0.0,-0.057295800000000015,-176.62576266000005,-2.19442914,-50.64375762
15.95,1595,-0.039,0.069,1.013,0.11459160000000004,0.057295800000000015,-0.057295800000000015,-176.6143035,-2.20015872,-50.64375762
15.96,1596,-0.039,0.068,1.014,0.057295800000000015,0.057295800000000015,0.0,-176.6143035,-2.20015872,-50.64375762
15.97,1597,-0.039,0.068,1.016,0.0,0.11459160000000004,0.0,-176.6143035,-2.20015872,-50.64375762
15.98,1598,-0.04,0.067,1.015,-0.11459160000000004,0.0,0.0,-176.6143035,-2.20015872,-50.63802804
15.99,1599,-0.039,0.067,1.013,-0.1718874,0.057295800000000015,0.0,-176.6143035,-2.20015872,-50.63802804
16.0,1600,-0.039,0.066,1.013,-0.057295800000000015,0.0,0.0,-176.62003308,-2.18869956,-50.63802804
16.01,1601,-0.039,0.066,1.015,0.057295800000000015,-0.057295800000000015,-0.057295800000000015,-176.62003308,-2.18869956,-50.63802804
16.020000000000003,1602,-0.039,0.067,1.016,0.057295800000000015,-0.11459160000000004,0.0,-176.62003308,-2.18296998,-50.63802804
16.03,1603,-0.038,0.066,1.016,0.057295800000000015,-0.057295800000000015,0.0,-176.62003308,-2.18296998,-50.63802804
16.040000000000003,1604,-0.039,0.067,1.015,0.057295800000000015,0.0,0.0,-176.62003308,-2.18296998,-50.63802804
16.05,1605,-0.039,0.067,1.0170000000000001,0.11459160000000004,0.0,0.0,-176.6143035,-2.18296998,-50.63802804
16.060000000000002,1606,-0.039,0.068,1.016,0.11459160000000004,-0.057295800000000015,0.0,-176.6143035,-2.18296998,-50.63802804
16.07,1607,-0.039,0.067,1.016,0.057295800000000015,0.057295800000000015,0.0,-176.6143035,-2.18296998,-50.63802804
16.080000000000002,1608,-0.039,0.066,1.016,0.057295800000000015,0.11459160000000004,0.0,-176.6143035,-2.18296998,-50.63802804
16.090000000000003,1609,-0.039,0.065,1.015,0.0,0.1718874,0.0,-176.6143035,-2.18869956,-50.63802804
16.1,1610,-0.039,0.065,1.015,0.057295800000000015,0.057295800000000015,0.0,-176.62003308,-2.19442914,-50.63802804
16.110000000000003,1611,-0.039,0.065,1.016,0.0,0.0,0.0,-176.62003308,-2.19442914,-50.63802804
16.12,1612,-0.039,0.065,1.015,-0.057295800000000015,0.11459160000000004,0.0,-176.62003308,-2.20015872,-50.63802804
16.130000000000003,1613,-0.04,0.066,1.014,0.0,0.057295800000000015,0.0,-176.62003308,-2.20015872,-50.63802804
16.14,1614,-0.039,0.066,1.014,0.057295800000000015,0.0,0.0,-176.62003308,-2.20015872,-50.63802804
16.150000000000002,1615,-0.04,0.065,1.013,0.0,0.057295800000000015,0.0,-176.62576266000005,-2.20015872,-50.63802804
16.16,1616,-0.039,0.065,1.013,-0.11459160000000004,0.11459160000000004,0.0,-176.62576266000005,-2.20015872,-50.63802804
16.17,1617,-0.039,0.065,1.015,-0.057295800000000015,0.0,0.0,-176.62576266000005,-2.20015872,-50.63802804
16.180000000000003,1618,-0.039,0.066,1.015,-0.057295800000000015,0.0,0.0,-176.62576266000005,-2.20015872,-50.63802804
16.19,1619,-0.039,0.067,1.014,0.0,0.0,0.057295800000000015,-176.62576266000005,-2.20015872,-50.64375762
16.200000000000003,1620,-0.039,0.068,1.0170000000000001,0.0,0.057295800000000015,0.057295800000000015,-176.62003308,-2.20015872,-50.64375762
16.21,1621,-0.039,0.068,1.0170000000000001,-0.057295800000000015,0.11459160000000004,0.057295800000000015,-176.62003308,-2.20015872,-50.64375762
16.220000000000002,1622,-0.04,0.068,1.0170000000000001,-0.11459160000000004,0.1718874,0.0,-176.62003308,-2.2058883,-50.64375762
16.23,1623,-0.04,0.067,1.016,-0.11459160000000004,0.2291832000000001,0.0,-176.62003308,-2.2058883,-50.64375762
16.240000000000002,1624,-0.04,0.068,1.016,-0.057295800000000015,0.1718874,0.0,-176.62576266000005,-2.2058883,-50.64375762
16.250000000000004,1625,-0.04,0.067,1.015,-0.11459160000000004,0.1718874,0.0,-176.62003308,-2.21161788,-50.64375762
16.26,1626,-0.039,0.067,1.014,-0.11459160000000004,0.2291832000000001,0.0,-176.62003308,-2.21734746,-50.64375762
16.270000000000003,1627,-0.04,0.066,1.014,-0.057295800000000015,0.286479,0.0,-176.62576266000005,-2.21734746,-50.64375762
16.28,1628,-0.04,0.067,1.015,-0.057295800000000015,0.286479,0.0,-176.62576266000005,-2.22307704,-50.64375762
16.290000000000003,1629,-0.038,0.068,1.013,0.0,0.286479,0.0,-176.62576266000005,-2.22307704,-50.64375762
16.3,1630,-0.039,0.068,1.013,0.057295800000000015,0.2291832000000001,0.0,-176.6143035,-2.22880662,-50.6494872
16.310000000000002,1631,-0.040999999999999995,0.067,1.014,0.057295800000000015,0.0,0.0,-176.6143035,-2.22880662,-50.6494872
16.32,1632,-0.040999999999999995,0.068,1.014,0.0,0.0,0.0,-176.6143035,-2.22880662,-50.6494872
16.330000000000002,1633,-0.039,0.067,1.016,0.057295800000000015,0.11459160000000004,0.0,-176.6143035,-2.22880662,-50.6494872
16.340000000000003,1634,-0.04,0.066,1.015,0.11459160000000004,0.11459160000000004,0.0,-176.6143035,-2.22880662,-50.6494872
16.35,1635,-0.039,0.067,1.015,0.0,0.057295800000000015,0.0,-176.60857392,-2.22307704,-50.6494872
16.360000000000003,1636,-0.040999999999999995,0.066,1.016,0.0,0.057295800000000015,0.0,-176.60857392,-2.22880662,-50.6494872
16.37,1637,-0.040999999999999995,0.066,1.016,0.0,0.0,0.0,-176.60857392,-2.22880662,-50.6494872
16.380000000000003,1638,-0.04,0.066,1.016,0.0,0.0,0.0,-176.60857392,-2.22880662,-50.6494872
16.39,1639,-0.04,0.065,1.016,0.0,-0.057295800000000015,0.0,-176.60857392,-2.22307704,-50.6494872
16.400000000000002,1640,-0.04,0.065,1.016,-0.057295800000000015,0.0,0.0,-176.6143035,-2.22880662,-50.6494872
16.41,1641,-0.04,0.065,1.015,-0.057295800000000015,0.0,0.0,-176.6143035,-2.22880662,-50.6494872
16.42,1642,-0.04,0.065,1.015,-0.057295800000000015,0.057295800000000015,0.0,-176.6143035,-2.22880662,-50.6494872
16.430000000000003,1643,-0.04,0.065,1.014,-0.057295800000000015,0.11459160000000004,0.0,-176.6143035,-2.22880662,-50.6494872
16.44,1644,-0.040999999999999995,0.065,1.014,0.0,0.11459160000000004,0.0,-176.6143035,-2.22880662,-50.6494872
16.450000000000003,1645,-0.04,0.065,1.013,0.0,0.057295800000000015,0.0,-176.62003308,-2.24026578,-50.6494872
16.46,1646,-0.04,0.064,1.012,0.0,0.0,0.057295800000000015,-176.62003308,-2.24026578,-50.6494872
16.470000000000002,1647,-0.04,0.063,1.013,0.0,-0.057295800000000015,0.0,-176.62003308,-2.2345362,-50.6494872
16.48,1648,-0.04,0.065,1.016,-0.057295800000000015,-0.11459160000000004,0.0,-176.62003308,-2.2345362,-50.6494872
16.490000000000002,1649,-0.04,0.066,1.018,-0.11459160000000004,-0.11459160000000004,0.0,-176.62576266000005,-2.2345362,-50.6494872
16.500000000000004,1650,-0.039,0.066,1.0190000000000001,-0.1718874,-0.2291832000000001,0.0,-176.62576266000005,-2.22307704,-50.6494872
16.51,1651,-0.04,0.065,1.0170000000000001,-0.2291832000000001,-0.11459160000000004,0.0,-176.62576266000005,-2.22307704,-50.64375762
16.520000000000003,1652,-0.039,0.065,1.015,-0.1718874,0.057295800000000015,0.0,-176.63149224,-2.22307704,-50.64375762
16.53,1653,-0.04,0.065,1.014,-0.11459160000000004,0.2291832000000001,0.0,-176.63149224,-2.22880662,-50.64375762
16.540000000000003,1654,-0.04,0.066,1.015,-0.286479,0.3437748,0.0,-176.63722182,-2.22880662,-50.64375762
16.55,1655,-0.040999999999999995,0.064,1.016,-0.286479,0.1718874,0.0,-176.6429514,-2.2345362,-50.64375762
16.560000000000002,1656,-0.04,0.065,1.015,-0.11459160000000004,0.0,0.0,-176.6429514,-2.2345362,-50.64375762
16.57,1657,-0.04,0.066,1.015,0.0,-0.057295800000000015,0.0,-176.6429514,-2.2345362,-50.64375762
16.580000000000002,1658,-0.04,0.066,1.015,0.057295800000000015,-0.2291832000000001,0.0,-176.6429514,-2.2345362,-50.64375762
16.590000000000003,1659,-0.04,0.066,1.015,0.0,-0.1718874,0.0,-176.6429514,-2.22880662,-50.64375762
16.6,1660,-0.040999999999999995,0.066,1.014,-0.057295800000000015,-0.1718874,0.0,-176.6429514,-2.2345362,-50.64375762
16.610000000000003,1661,-0.040999999999999995,0.065,1.014,-0.057295800000000015,-0.11459160000000004,-0.057295800000000015,-176.6429514,-2.2345362,-50.64375762
16.62,1662,-0.04,0.065,1.015,-0.057295800000000015,0.0,-0.057295800000000015,-176.6429514,-2.2345362,-50.64375762
16.630000000000003,1663,-0.04,0.066,1.016,0.0,0.0,-0.057295800000000015,-176.6429514,-2.2345362,-50.64375762
16.64,1664,-0.04,0.067,1.015,0.11459160000000004,-0.057295800000000015,0.0,-176.6429514,-2.2345362,-50.64375762
16.650000000000002,1665,-0.040999999999999995,0.067,1.015,0.0,0.0,0.0,-176.63149224,-2.2345362,-50.64375762
16.66,1666,-0.040999999999999995,0.066,1.014,0.057295800000000015,0.0,-0.057295800000000015,-176.63149224,-2.2345362,-50.64375762
16.67,1667,-0.04,0.065,1.014,0.0,-0.057295800000000015,-0.11459160000000004,-176.63149224,-2.2345362,-50.64375762
16.680000000000003,1668,-0.040999999999999995,0.065,1.014,0.057295800000000015,-0.057295800000000015,-0.057295800000000015,-176.63149224,-2.22880662,-50.63802804
16.69,1669,-0.04,0.064,1.013,0.11459160000000004,-0.286479,0.0,-176.62576266000005,-2.22880662,-50.63802804
16.700000000000003,1670,-0.04,0.065,1.014,0.11459160000000004,-0.286479,-0.057295800000000015,-176.63149224,-2.22880662,-50.63802804
16.71,1671,-0.04,0.064,1.014,0.1718874,-0.3437748,0.0,-176.62576266000005,-2.22307704,-50.63802804
16.720000000000002,1672,-0.04,0.065,1.015,0.2291832000000001,-0.3437748,0.0,-176.62576266000005,-2.22307704,-50.63802804
16.73,1673,-0.04,0.064,1.016,0.1718874,-0.3437748,0.0,-176.62003308,-2.21734746,-50.63802804
16.740000000000002,1674,-0.040999999999999995,0.064,1.016,0.2291832000000001,-0.286479,0.0,-176.62003308,-2.21161788,-50.63802804
16.750000000000004,1675,-0.040999999999999995,0.065,1.015,0.2291832000000001,-0.1718874,0.0,-176.62576266000005,-2.21734746,-50.63802804
16.76,1676,-0.04,0.064,1.015,0.286479,-0.1718874,0.0,-176.62003308,-2.21734746,-50.63802804
16.770000000000003,1677,-0.04,0.065,1.014,0.286479,-0.1718874,0.0,-176.6143035,-2.21161788,-50.63802804
16.78,1678,-0.04,0.065,1.016,0.286479,-0.1718874,0.0,-176.6143035,-2.21161788,-50.63229846
16.790000000000003,1679,-0.04,0.066,1.016,0.2291832000000001,-0.2291832000000001,0.0,-176.60857392,-2.21161788,-50.63229846
16.8,1680,-0.040999999999999995,0.066,1.0170000000000001,0.2291832000000001,-0.2291832000000001,0.0,-176.60857392,-2.21161788,-50.63229846
16.810000000000002,1681,-0.039,0.066,1.0170000000000001,0.1718874,-0.1718874,0.0,-176.60857392,-2.21161788,-50.63229846
16.82,1682,-0.04,0.065,1.015,0.1718874,-0.057295800000000015,0.0,-176.60857392,-2.2058883,-50.63229846
16.830000000000002,1683,-0.04,0.064,1.015,0.1718874,0.0,0.0,-176.60284434,-2.2058883,-50.63229846
16.840000000000003,1684,-0.04,0.065,1.014,0.1718874,-0.057295800000000015,0.0,-176.60284434,-2.2058883,-50.63802804
16.85,1685,-0.04,0.065,1.014,0.1718874,-0.11459160000000004,0.0,-176.60284434,-2.2058883,-50.63802804
16.860000000000003,1686,-0.04,0.066,1.014,0.286479,0.0,0.057295800000000015,-176.59711476,-2.2058883,-50.63802804
16.87,1687,-0.04,0.067,1.014,0.3437748,-0.11459160000000004,0.11459160000000004,-176.59711476,-2.20015872,-50.63802804
16.880000000000003,1688,-0.039,0.067,1.014,0.2291832000000001,-0.057295800000000015,0.057295800000000015,-176.59138518,-2.20015872,-50.63802804
16.89,1689,-0.04,0.067,1.015,0.2291832000000001,0.0,0.0,-176.59138518,-2.20015872,-50.63802804
16.900000000000002,1690,-0.04,0.067,1.014,0.2291832000000001,0.0,0.057295800000000015,-176.57992602,-2.2058883,-50.63802804
16.91,1691,-0.04,0.067,1.015,0.2291832000000001,0.0,0.0,-176.57992602,-2.2058883,-50.63802804
16.92,1692,-0.04,0.067,1.015,0.2291832000000001,0.0,0.0,-176.57419644,-2.2058883,-50.63802804
16.930000000000003,1693,-0.04,0.065,1.014,0.057295800000000015,0.11459160000000004,0.0,-176.57419644,-2.2058883,-50.63802804
16.94,1694,-0.04,0.065,1.014,0.057295800000000015,0.0,0.0,-176.57419644,-2.2058883,-50.63802804
16.950000000000003,1695,-0.040999999999999995,0.066,1.014,0.11459160000000004,0.0,0.0,-176.57419644,-2.21161788,-50.63802804
16.96,1696,-0.039,0.065,1.015,0.11459160000000004,0.057295800000000015,0.0,-176.57419644,-2.21161788,-50.63802804
16.970000000000002,1697,-0.039,0.066,1.014,0.057295800000000015,0.0,0.0,-176.57419644,-2.21161788,-50.63802804
16.98,1698,-0.039,0.065,1.014,0.11459160000000004,0.0,0.0,-176.57419644,-2.21161788,-50.63802804
16.990000000000002,1699,-0.039,0.065,1.014,0.1718874,0.0,0.057295800000000015,-176.56846686,-2.21161788,-50.64375762
17.000000000000004,1700,-0.04,0.065,1.014,0.11459160000000004,-0.11459160000000004,0.0,-176.5856556,-2.21734746,-50.63802804
17.01,1701,-0.04,0.064,1.015,0.11459160000000004,-0.11459160000000004,0.0,-176.5856556,-2.21161788,-50.63802804
17.020000000000003,1702,-0.04,0.065,1.016,0.11459160000000004,-0.057295800000000015,0.0,-176.5856556,-2.21161788,-50.63802804
17.03,1703,-0.039,0.065,1.015,0.057295800000000015,0.0,0.0,-176.57992602,-2.21161788,-50.63802804
17.040000000000003,1704,-0.039,0.066,1.0170000000000001,0.0,0.11459160000000004,0.057295800000000015,-176.57992602,-2.21161788,-50.64375762
17.05,1705,-0.04,0.066,1.016,0.0,0.0,0.0,-176.57992602,-2.21734746,-50.64375762
17.060000000000002,1706,-0.039,0.066,1.014,0.0,0.057295800000000015,0.057295800000000015,-176.57992602,-2.21734746,-50.64375762
17.07,1707,-0.04,0.066,1.015,0.0,0.0,0.057295800000000015,-176.57992602,-2.21734746,-50.64375762
17.080000000000002,1708,-0.04,0.067,1.014,0.0,-0.057295800000000015,0.0,-176.57992602,-2.21734746,-50.64375762
17.090000000000003,1709,-0.04,0.066,1.015,-0.057295800000000015,0.0,0.0,-176.57992602,-2.21734746,-50.64375762
17.1,1710,-0.039,0.066,1.015,-0.11459160000000004,0.11459160000000004,0.0,-176.5856556,-2.21734746,-50.64375762
17.110000000000003,1711,-0.039,0.066,1.016,-0.11459160000000004,0.11459160000000004,0.0,-176.5856556,-2.21734746,-50.64375762
17.12,1712,-0.04,0.067,1.015,-0.057295800000000015,0.11459160000000004,0.0,-176.5856556,-2.21734746,-50.64375762
17.130000000000003,1713,-0.039,0.067,1.014,0.0,0.11459160000000004,0.0,-176.5856556,-2.22307704,-50.64375762
17.14,1714,-0.039,0.067,1.014,0.0,0.11459160000000004,0.0,-176.5856556,-2.22307704,-50.64375762
17.150000000000002,1715,-0.04,0.066,1.011,0.0,0.057295800000000015,0.057295800000000015,-176.57992602,-2.22307704,-50.64375762
17.160000000000004,1716,-0.040999999999999995,0.066,1.013,0.11459160000000004,-0.057295800000000015,0.0,-176.57992602,-2.22307704,-50.64375762
17.17,1717,-0.04,0.068,1.015,0.0,-0.057295800000000015,0.0,-176.57992602,-2.22307704,-50.6494872
17.180000000000003,1718,-0.039,0.066,1.016,-0.11459160000000004,-0.057295800000000015,0.0,-176.57992602,-2.21734746,-50.64375762
17.19,1719,-0.039,0.068,1.016,-0.057295800000000015,-0.11459160000000004,0.0,-176.5856556,-2.21734746,-50.64375762
17.200000000000003,1720,-0.039,0.069,1.018,-0.11459160000000004,0.0,0.0,-176.57419644,-2.21734746,-50.6494872
17.21,1721,-0.04,0.068,1.016,-0.11459160000000004,0.057295800000000015,0.0,-176.57419644,-2.21734746,-50.6494872
17.220000000000002,1722,-0.039,0.066,1.013,-0.11459160000000004,0.11459160000000004,0.0,-176.57419644,-2.21734746,-50.6494872
17.23,1723,-0.039,0.066,1.015,-0.057295800000000015,0.2291832000000001,0.0,-176.57419644,-2.21734746,-50.6494872
17.240000000000002,1724,-0.04,0.065,1.016,-0.057295800000000015,0.11459160000000004,0.0,-176.57992602,-2.22307704,-50.6494872
17.250000000000004,1725,-0.04,0.064,1.016,-0.057295800000000015,-0.057295800000000015,0.0,-176.5856556,-2.22880662,-50.6494872
17.26,1726,-0.04,0.065,1.016,0.0,-0.057295800000000015,0.0,-176.5856556,-2.22880662,-50.6494872
17.270000000000003,1727,-0.04,0.066,1.015,0.057295800000000015,-0.1718874,0.0,-176.5856556,-2.22307704,-50.64375762
17.28,1728,-0.040999999999999995,0.066,1.014,0.0,0.0,0.0,-176.5856556,-2.22307704,-50.64375762
17.290000000000003,1729,-0.04,0.066,1.014,0.0,-0.057295800000000015,0.0,-176.5856556,-2.22307704,-50.64375762
17.3,1730,-0.039,0.067,1.014,0.0,-0.057295800000000015,0.0,-176.5856556,-2.22307704,-50.64375762
17.310000000000002,1731,-0.04,0.066,1.015,-0.057295800000000015,0.0,0.0,-176.59138518,-2.22307704,-50.64375762
17.32,1732,-0.04,0.067,1.014,0.0,0.0,0.0,-176.59138518,-2.22307704,-50.64375762
17.330000000000002,1733,-0.04,0.069,1.015,0.0,0.0,0.0,-176.59138518,-2.22307704,-50.64375762
17.340000000000003,1734,-0.04,0.07,1.014,0.0,0.0,0.0,-176.59138518,-2.22307704,-50.64375762
17.35,1735,-0.039,0.068,1.014,-0.11459160000000004,0.0,0.0,-176.57419644,-2.22307704,-50.6494872
17.360000000000003,1736,-0.04,0.067,1.013,-0.1718874,0.057295800000000015,-0.057295800000000015,-176.57419644,-2.22307704,-50.64375762
17.37,1737,-0.039,0.067,1.013,0.0,0.0,0.0,-176.57419644,-2.22307704,-50.64375762
17.380000000000003,1738,-0.039,0.067,1.014,0.057295800000000015,-0.057295800000000015,0.0,-176.57419644,-2.22307704,-50.64375762
17.39,1739,-0.04,0.067,1.014,0.11459160000000004,-0.1718874,0.0,-176.57419644,-2.21734746,-50.64375762
17.400000000000002,1740,-0.039,0.068,1.013,0.11459160000000004,-0.2291832000000001,0.0,-176.56846686,-2.21734746,-50.64375762
17.410000000000004,1741,-0.04,0.067,1.011,0.11459160000000004,-0.3437748,0.0,-176.56846686,-2.21734746,-50.64375762
17.42,1742,-0.04,0.067,1.015,0.0,-0.572958,0.0,-176.56846686,-2.21161788,-50.64375762
17.430000000000003,1743,-0.039,0.065,1.015,0.0,-0.6302538000000001,0.0,-176.56846686,-2.20015872,-50.64375762
17.44,1744,-0.039,0.066,1.016,0.0,-0.3437748,0.0,-176.56846686,-2.20015872,-50.64375762
17.450000000000003,1745,-0.038,0.066,1.0170000000000001,0.0,-0.1718874,0.0,-176.56846686,-2.19442914,-50.64375762
17.46,1746,-0.038,0.067,1.0170000000000001,-0.057295800000000015,-0.057295800000000015,0.0,-176.57419644,-2.19442914,-50.64375762
17.470000000000002,1747,-0.039,0.065,1.018,-0.1718874,0.0,0.0,-176.57419644,-2.19442914,-50.64375762
17.48,1748,-0.039,0.065,1.0170000000000001,-0.11459160000000004,0.0,0.0,-176.57419644,-2.19442914,-50.64375762
17.490000000000002,1749,-0.038,0.067,1.016,0.0,0.0,0.0,-176.57419644,-2.19442914,-50.64375762
17.500000000000004,1750,-0.039,0.066,1.016,0.0,0.1718874,0.0,-176.57419644,-2.19442914,-50.64375762
17.51,1751,-0.039,0.067,1.016,-0.057295800000000015,0.1718874,0.0,-176.57419644,-2.19442914,-50.64375762
17.520000000000003,1752,-0.039,0.067,1.014,-0.11459160000000004,0.1718874,0.0,-176.57992602,-2.20015872,-50.64375762
17.53,1753,-0.039,0.067,1.013,-0.057295800000000015,0.11459160000000004,0.0,-176.57992602,-2.20015872,-50.64375762
17.540000000000003,1754,-0.039,0.067,1.013,0.0,0.057295800000000015,0.057295800000000015,-176.57992602,-2.20015872,-50.64375762
17.55,1755,-0.039,0.067,1.015,-0.057295800000000015,0.057295800000000015,0.0,-176.56846686,-2.20015872,-50.64375762
17.560000000000002,1756,-0.039,0.067,1.015,-0.057295800000000015,0.1718874,0.0,-176.56846686,-2.2058883,-50.64375762
17.57,1757,-0.039,0.068,1.016,-0.057295800000000015,0.1718874,0.0,-176.57419644,-2.2058883,-50.64375762
17.580000000000002,1758,-0.04,0.068,1.015,-0.057295800000000015,0.3437748,0.0,-176.57419644,-2.21161788,-50.64375762
17.590000000000003,1759,-0.038,0.068,1.015,0.0,0.286479,0.0,-176.57419644,-2.21161788,-50.64375762
17.6,1760,-0.039,0.068,1.016,0.057295800000000015,0.286479,0.0,-176.57419644,-2.21734746,-50.64375762
17.610000000000003,1761,-0.039,0.068,1.016,0.0,0.286479,0.0,-176.57419644,-2.21734746,-50.64375762
17.62,1762,-0.039,0.067,1.0170000000000001,0.0,0.286479,-0.057295800000000015,-176.57419644,-2.22307704,-50.64375762
17.630000000000003,1763,-0.039,0.068,1.0170000000000001,0.0,0.2291832000000001,-0.057295800000000015,-176.57419644,-2.22307704,-50.64375762
17.64,1764,-0.039,0.068,1.0170000000000001,0.0,0.286479,0.0,-176.57419644,-2.22880662,-50.64375762
17.650000000000002,1765,-0.038,0.07,1.018,0.0,0.3437748,0.0,-176.56273728,-2.22307704,-50.64375762
17.660000000000004,1766,-0.039,0.068,1.0170000000000001,0.057295800000000015,0.4583664000000001,0.0,-176.56273728,-2.22880662,-50.64375762
17.67,1767,-0.04,0.069,1.015,0.0,0.5156622000000001,0.0,-176.56273728,-2.2345362,-50.64375762
17.680000000000003,1768,-0.039,0.068,1.014,0.0,0.40107059999999994,-0.057295800000000015,-176.56273728,-2.24026578,-50.64375762
17.69,1769,-0.039,0.067,1.013,0.0,0.286479,0.0,-176.56273728,-2.24026578,-50.64375762
17.700000000000003,1770,-0.04,0.066,1.013,0.0,0.1718874,0.0,-176.56273728,-2.24599536,-50.64375762
17.71,1771,-0.040999999999999995,0.065,1.011,0.0,0.11459160000000004,0.0,-176.56273728,-2.24599536,-50.64375762
17.720000000000002,1772,-0.039,0.065,1.01,0.0,0.0,0.0,-176.56273728,-2.24599536,-50.64375762
17.73,1773,-0.04,0.066,1.011,0.057295800000000015,0.0,0.0,-176.56273728,-2.24599536,-50.64375762
17.740000000000002,1774,-0.039,0.065,1.014,0.0,0.0,0.0,-176.56273728,-2.24599536,-50.64375762
17.750000000000004,1775,-0.039,0.064,1.016,0.0,-0.2291832000000001,0.0,-176.56273728,-2.24026578,-50.64375762
17.76,1776,-0.039,0.066,1.0170000000000001,-0.057295800000000015,-0.1718874,0.0,-176.56273728,-2.24026578,-50.64375762
17.770000000000003,1777,-0.039,0.065,1.0190000000000001,-0.057295800000000015,-0.1718874,0.057295800000000015,-176.56846686,-2.2345362,-50.64375762
17.78,1778,-0.039,0.064,1.018,-0.11459160000000004,-0.11459160000000004,0.057295800000000015,-176.56846686,-2.2345362,-50.64375762
17.790000000000003,1779,-0.039,0.064,1.018,-0.11459160000000004,-0.057295800000000015,0.057295800000000015,-176.56846686,-2.2345362,-50.64375762
17.8,1780,-0.04,0.066,1.018,-0.057295800000000015,-0.057295800000000015,0.057295800000000015,-176.57419644,-2.2345362,-50.64375762
17.810000000000002,1781,-0.038,0.066,1.014,0.0,0.0,0.057295800000000015,-176.57419644,-2.2345362,-50.6494872
17.82,1782,-0.038,0.066,1.014,0.057295800000000015,0.11459160000000004,0.057295800000000015,-176.57419644,-2.2345362,-50.6494872
17.830000000000002,1783,-0.039,0.068,1.014,0.0,0.1718874,0.057295800000000015,-176.57419644,-2.2345362,-50.6494872
17.840000000000003,1784,-0.039,0.067,1.011,-0.1718874,0.2291832000000001,0.057295800000000015,-176.57419644,-2.24026578,-50.6494872
17.85,1785,-0.039,0.067,1.012,-0.11459160000000004,0.0,0.057295800000000015,-176.57992602,-2.2345362,-50.6494872
17.860000000000003,1786,-0.04,0.068,1.012,-0.1718874,0.0,0.0,-176.57992602,-2.2345362,-50.6494872
17.87,1787,-0.040999999999999995,0.07,1.015,-0.11459160000000004,-0.11459160000000004,0.0,-176.5856556,-2.2345362,-50.6494872
17.880000000000003,1788,-0.039,0.07,1.0190000000000001,-0.2291832000000001,-0.286479,0.0,-176.5856556,-2.22880662,-50.6494872
17.89,1789,-0.039,0.071,1.0170000000000001,-0.2291832000000001,-0.2291832000000001,0.057295800000000015,-176.5856556,-2.22880662,-50.6494872
17.900000000000002,1790,-0.039,0.071,1.015,-0.1718874,-0.1718874,0.0,-176.57992602,-2.22307704,-50.6494872
17.910000000000004,1791,-0.039,0.069,1.014,-0.057295800000000015,0.0,-0.057295800000000015,-176.57992602,-2.22307704,-50.6494872
17.92,1792,-0.039,0.068,1.015,0.0,0.11459160000000004,-0.057295800000000015,-176.57992602,-2.22307704,-50.6494872
17.930000000000003,1793,-0.04,0.069,1.0170000000000001,-0.11459160000000004,0.057295800000000015,-0.057295800000000015,-176.57992602,-2.22307704,-50.6494872
17.94,1794,-0.04,0.069,1.0170000000000001,-0.057295800000000015,0.0,0.0,-176.57992602,-2.22307704,-50.6494872
17.950000000000003,1795,-0.039,0.068,1.016,0.057295800000000015,-0.057295800000000015,0.0,-176.56846686,-2.22880662,-50.6494872
17.96,1796,-0.039,0.067,1.014,0.1718874,-0.057295800000000015,0.0,-176.56846686,-2.22880662,-50.6494872
17.970000000000002,1797,-0.04,0.068,1.014,0.1718874,-0.11459160000000004,0.0,-176.56273728,-2.22307704,-50.6494872
17.98,1798,-0.04,0.067,1.014,0.057295800000000015,-0.057295800000000015,0.0,-176.56273728,-2.22307704,-50.6494872
17.990000000000002,1799,-0.04,0.067,1.012,0.11459160000000004,0.0,0.0,-176.56273728,-2.22307704,-50.6494872
18.000000000000004,1800,-0.04,0.066,1.012,0.11459160000000004,0.0,-0.057295800000000015,-176.56846686,-2.2345362,-50.6494872
18.01,1801,-0.04,0.067,1.014,0.11459160000000004,0.0,-0.057295800000000015,-176.56846686,-2.2345362,-50.6494872
18.020000000000003,1802,-0.039,0.067,1.015,0.0,0.057295800000000015,-0.057295800000000015,-176.56846686,-2.2345362,-50.64375762
18.03,1803,-0.04,0.067,1.014,-0.057295800000000015,0.057295800000000015,-0.057295800000000015,-176.56846686,-2.2345362,-50.64375762
18.040000000000003,1804,-0.04,0.065,1.014,-0.11459160000000004,0.0,0.0,-176.56846686,-2.2345362,-50.64375762
18.05,1805,-0.039,0.064,1.016,-0.11459160000000004,0.0,0.0,-176.60284434,-2.22307704,-50.64375762
18.060000000000002,1806,-0.039,0.064,1.015,0.0,0.0,-0.057295800000000015,-176.60284434,-2.22307704,-50.64375762
18.07,1807,-0.039,0.064,1.015,0.0,-0.057295800000000015,-0.057295800000000015,-176.60284434,-2.22307704,-50.64375762
18.080000000000002,1808,-0.038,0.065,1.0170000000000001,0.0,-0.11459160000000004,0.0,-176.60284434,-2.22307704,-50.64375762
18.090000000000003,1809,-0.039,0.065,1.016,-0.057295800000000015,0.0,0.0,-176.60284434,-2.22307704,-50.64375762
18.1,1810,-0.039,0.065,1.0170000000000001,0.0,0.0,0.0,-176.6143035,-2.21734746,-50.64375762
18.110000000000003,1811,-0.04,0.066,1.0170000000000001,0.0,-0.057295800000000015,0.0,-176.60857392,-2.21161788,-50.64375762
18.12,1812,-0.039,0.067,1.0170000000000001,0.0,-0.057295800000000015,0.0,-176.60857392,-2.21161788,-50.64375762
18.130000000000003,1813,-0.039,0.068,1.015,-0.11459160000000004,0.0,-0.057295800000000015,-176.6143035,-2.21161788,-50.64375762
18.14,1814,-0.039,0.069,1.013,0.0,0.11459160000000004,0.0,-176.6143035,-2.21734746,-50.64375762
18.150000000000002,1815,-0.039,0.068,1.014,0.0,0.057295800000000015,0.0,-176.60284434,-2.21161788,-50.64375762
18.160000000000004,1816,-0.039,0.068,1.012,-0.11459160000000004,0.057295800000000015,0.0,-176.60284434,-2.21161788,-50.64375762
18.17,1817,-0.04,0.068,1.012,-0.11459160000000004,0.0,0.0,-176.60284434,-2.21161788,-50.64375762
18.180000000000003,1818,-0.039,0.068,1.014,-0.1718874,-0.057295800000000015,0.0,-176.60857392,-2.21161788,-50.64375762
18.19,1819,-0.039,0.068,1.014,-0.2291832000000001,-0.1718874,0.0,-176.60857392,-2.21161788,-50.64375762
18.200000000000003,1820,-0.039,0.068,1.016,-0.286479,-0.2291832000000001,0.0,-176.60857392,-2.2058883,-50.63802804
18.21,1821,-0.039,0.068,1.0170000000000001,-0.2291832000000001,-0.286479,0.0,-176.6143035,-2.20015872,-50.63802804
18.220000000000002,1822,-0.038,0.067,1.015,-0.11459160000000004,-0.11459160000000004,0.0,-176.6143035,-2.20015872,-50.63802804
18.23,1823,-0.039,0.068,1.016,0.0,0.0,0.0,-176.6143035,-2.20015872,-50.63802804
18.240000000000002,1824,-0.039,0.067,1.016,0.0,0.0,0.0,-176.6143035,-2.20015872,-50.63802804
18.250000000000004,1825,-0.038,0.068,1.0170000000000001,-0.057295800000000015,0.0,0.0,-176.60857392,-2.19442914,-50.63802804
18.26,1826,-0.039,0.067,1.0170000000000001,-0.057295800000000015,0.0,0.0,-176.60857392,-2.19442914,-50.63802804
18.270000000000003,1827,-0.039,0.066,1.015,-0.11459160000000004,0.0,0.0,-176.60857392,-2.19442914,-50.63802804
18.28,1828,-0.038,0.066,1.015,0.0,0.0,0.0,-176.60857392,-2.19442914,-50.63802804
18.290000000000003,1829,-0.038,0.067,1.014,0.0,-0.057295800000000015,-0.057295800000000015,-176.60857392,-2.19442914,-50.63802804
18.3,1830,-0.039,0.066,1.014,0.0,-0.057295800000000015,-0.057295800000000015,-176.59711476,-2.20015872,-50.63802804
18.310000000000002,1831,-0.038,0.068,1.014,0.057295800000000015,0.0,0.0,-176.59711476,-2.20015872,-50.63802804
18.32,1832,-0.039,0.068,1.014,0.0,0.11459160000000004,0.0,-176.59711476,-2.20015872,-50.63802804
18.330000000000002,1833,-0.039,0.066,1.015,-0.057295800000000015,0.2291832000000001,-0.057295800000000015,-176.59711476,-2.20015872,-50.63802804
18.340000000000003,1834,-0.04,0.065,1.014,0.0,0.2291832000000001,0.0,-176.59711476,-2.2058883,-50.63802804
18.35,1835,-0.039,0.065,1.014,0.11459160000000004,0.1718874,0.0,-176.5856556,-2.2058883,-50.63802804
18.360000000000003,1836,-0.040999999999999995,0.064,1.012,0.11459160000000004,0.057295800000000015,0.0,-176.5856556,-2.2058883,-50.63802804
18.37,1837,-0.039,0.065,1.014,0.0,0.057295800000000015,0.0,-176.5856556,-2.2058883,-50.63802804
18.380000000000003,1838,-0.04,0.066,1.015,0.057295800000000015,0.0,0.0,-176.5856556,-2.2058883,-50.63802804
18.39,1839,-0.04,0.067,1.015,0.057295800000000015,0.0,0.0,-176.5856556,-2.2058883,-50.63802804
18.400000000000002,1840,-0.039,0.068,1.015,0.057295800000000015,0.057295800000000015,0.0,-176.59138518,-2.20015872,-50.63802804
18.410000000000004,1841,-0.04,0.067,1.015,0.057295800000000015,0.057295800000000015,0.0,-176.59138518,-2.20015872,-50.63802804
18.42,1842,-0.04,0.067,1.016,0.057295800000000015,0.057295800000000015,0.0,-176.59138518,-2.20015872,-50.63802804
18.430000000000003,1843,-0.04,0.067,1.014,0.1718874,0.057295800000000015,0.0,-176.5856556,-2.2058883,-50.63802804
18.44,1844,-0.04,0.068,1.0170000000000001,0.1718874,0.0,0.0,-176.5856556,-2.20015872,-50.63802804
18.450000000000003,1845,-0.038,0.067,1.013,0.11459160000000004,-0.057295800000000015,0.0,-176.59138518,-2.20015872,-50.63802804
18.46,1846,-0.039,0.068,1.016,0.11459160000000004,0.0,0.0,-176.5856556,-2.20015872,-50.63802804
18.470000000000002,1847,-0.04,0.067,1.015,0.057295800000000015,-0.057295800000000015,0.0,-176.5856556,-2.20015872,-50.63802804
18.48,1848,-0.039,0.067,1.0170000000000001,0.0,0.057295800000000015,0.0,-176.5856556,-2.20015872,-50.63802804
18.490000000000002,1849,-0.04,0.067,1.0170000000000001,0.0,0.057295800000000015,0.0,-176.5856556,-2.20015872,-50.63802804
18.500000000000004,1850,-0.039,0.065,1.013,0.0,0.057295800000000015,0.0,-176.59711476,-2.2058883,-50.63802804
18.51,1851,-0.04,0.065,1.013,0.057295800000000015,0.057295800000000015,0.057295800000000015,-176.59138518,-2.2058883,-50.63802804
18.520000000000003,1852,-0.04,0.065,1.012,0.2291832000000001,0.057295800000000015,0.0,-176.59138518,-2.2058883,-50.64375762
18.53,1853,-0.04,0.066,1.013,0.2291832000000001,0.0,0.057295800000000015,-176.59138518,-2.2058883,-50.64375762
18.540000000000003,1854,-0.04,0.065,1.014,0.11459160000000004,-0.11459160000000004,0.0,-176.5856556,-2.2058883,-50.64375762
18.55,1855,-0.039,0.066,1.015,0.0,-0.11459160000000004,0.0,-176.59138518,-2.20015872,-50.64375762
18.560000000000002,1856,-0.039,0.068,1.016,0.0,-0.2291832000000001,0.057295800000000015,-176.59138518,-2.20015872,-50.64375762
18.57,1857,-0.039,0.068,1.018,-0.057295800000000015,-0.286479,0.0,-176.59138518,-2.19442914,-50.64375762
18.580000000000002,1858,-0.039,0.068,1.0170000000000001,0.0,-0.11459160000000004,0.0,-176.59138518,-2.19442914,-50.64375762
18.590000000000003,1859,-0.039,0.067,1.016,0.0,0.0,0.0,-176.59138518,-2.19442914,-50.64375762
18.6,1860,-0.039,0.066,1.016,-0.2291832000000001,0.11459160000000004,0.0,-176.59711476,-2.18869956,-50.64375762
18.610000000000003,1861,-0.039,0.065,1.018,-0.2291832000000001,0.1718874,0.0,-176.59711476,-2.19442914,-50.64375762
18.62,1862,-0.039,0.065,1.0190000000000001,-0.2291832000000001,0.1718874,0.0,-176.60284434,-2.19442914,-50.64375762
18.630000000000003,1863,-0.039,0.065,1.016,-0.11459160000000004,0.0,0.057295800000000015,-176.60284434,-2.19442914,-50.64375762
18.64,1864,-0.039,0.067,1.016,0.0,0.057295800000000015,0.057295800000000015,-176.60284434,-2.19442914,-50.64375762
18.650000000000002,1865,-0.04,0.068,1.014,0.0,-0.057295800000000015,0.0,-176.59711476,-2.19442914,-50.64375762
18.660000000000004,1866,-0.039,0.068,1.012,0.0,-0.1718874,0.0,-176.59711476,-2.19442914,-50.64375762
18.67,1867,-0.039,0.069,1.012,0.057295800000000015,0.0,0.0,-176.59138518,-2.19442914,-50.64375762
18.680000000000003,1868,-0.039,0.068,1.013,0.0,0.0,0.0,-176.59138518,-2.19442914,-50.64375762
18.69,1869,-0.04,0.068,1.013,0.0,0.11459160000000004,0.0,-176.59138518,-2.19442914,-50.64375762
18.700000000000003,1870,-0.039,0.067,1.014,-0.057295800000000015,0.2291832000000001,0.0,-176.59711476,-2.20015872,-50.64375762
18.71,1871,-0.04,0.068,1.016,-0.11459160000000004,0.1718874,0.0,-176.59711476,-2.20015872,-50.64375762
18.720000000000002,1872,-0.039,0.067,1.016,-0.1718874,0.057295800000000015,0.0,-176.59711476,-2.20015872,-50.64375762
18.73,1873,-0.04,0.066,1.0170000000000001,-0.2291832000000001,0.0,0.0,-176.60284434,-2.20015872,-50.64375762
18.740000000000002,1874,-0.039,0.066,1.016,-0.11459160000000004,-0.057295800000000015,0.0,-176.60284434,-2.20015872,-50.64375762
18.750000000000004,1875,-0.04,0.066,1.015,0.0,-0.057295800000000015,0.0,-176.60284434,-2.2058883,-50.64375762
18.76,1876,-0.04,0.066,1.015,0.057295800000000015,0.0,0.0,-176.60284434,-2.2058883,-50.64375762
18.770000000000003,1877,-0.04,0.065,1.015,0.057295800000000015,0.0,-0.057295800000000015,-176.60284434,-2.2058883,-50.64375762
18.78,1878,-0.04,0.065,1.015,0.057295800000000015,0.11459160000000004,0.0,-176.59711476,-2.2058883,-50.64375762
18.790000000000003,1879,-0.04,0.065,1.014,0.057295800000000015,0.0,0.0,-176.59711476,-2.2058883,-50.64375762
18.8,1880,-0.039,0.064,1.015,0.0,-0.057295800000000015,0.0,-176.62003308,-2.20015872,-50.64375762
18.810000000000002,1881,-0.039,0.065,1.014,0.057295800000000015,0.0,0.0,-176.62003308,-2.20015872,-50.64375762
18.82,1882,-0.039,0.064,1.015,0.0,0.0,0.0,-176.62003308,-2.20015872,-50.64375762
18.830000000000002,1883,-0.039,0.065,1.015,-0.057295800000000015,0.0,0.0,-176.62003308,-2.20015872,-50.64375762
18.840000000000003,1884,-0.04,0.065,1.015,-0.057295800000000015,0.11459160000000004,0.0,-176.62576266000005,-2.20015872,-50.64375762
18.85,1885,-0.039,0.065,1.014,0.057295800000000015,0.11459160000000004,0.0,-176.62576266000005,-2.20015872,-50.64375762
18.860000000000003,1886,-0.04,0.065,1.016,0.0,0.057295800000000015,0.0,-176.62576266000005,-2.20015872,-50.64375762
18.87,1887,-0.039,0.065,1.016,-0.057295800000000015,0.0,0.0,-176.62576266000005,-2.20015872,-50.64375762
18.880000000000003,1888,-0.04,0.067,1.016,-0.057295800000000015,0.0,0.0,-176.62576266000005,-2.20015872,-50.64375762
18.89,1889,-0.04,0.067,1.015,-0.057295800000000015,-0.057295800000000015,0.0,-176.62576266000005,-2.20015872,-50.64375762
18.900000000000002,1890,-0.04,0.067,1.014,-0.057295800000000015,0.0,0.0,-176.62576266000005,-2.20015872,-50.64375762
18.910000000000004,1891,-0.04,0.066,1.015,-0.057295800000000015,0.0,0.0,-176.62576266000005,-2.19442914,-50.64375762
18.92,1892,-0.04,0.066,1.016,0.0,0.0,0.0,-176.62576266000005,-2.20015872,-50.64375762
18.930000000000003,1893,-0.04,0.067,1.014,-0.057295800000000015,0.0,0.0,-176.62576266000005,-2.19442914,-50.64375762
18.94,1894,-0.039,0.067,1.016,0.0,0.0,0.0,-176.62576266000005,-2.20015872,-50.64375762
18.950000000000003,1895,-0.039,0.067,1.015,0.0,0.0,0.0,-176.6143035,-2.19442914,-50.64375762
18.96,1896,-0.04,0.067,1.016,-0.057295800000000015,0.11459160000000004,0.0,-176.6143035,-2.20015872,-50.64375762
18.970000000000002,1897,-0.04,0.067,1.014,-0.057295800000000015,0.0,0.0,-176.6143035,-2.20015872,-50.64375762
18.98,1898,-0.04,0.067,1.015,0.0,0.0,0.0,-176.6143035,-2.20015872,-50.64375762
18.990000000000002,1899,-0.039,0.066,1.014,0.0,0.057295800000000015,0.0,-176.6143035,-2.20015872,-50.64375762
19.000000000000004,1900,-0.04,0.067,1.014,0.0,0.057295800000000015,0.0,-176.60857392,-2.19442914,-50.64375762
19.01,1901,-0.04,0.066,1.015,0.0,0.0,0.0,-176.60857392,-2.19442914,-50.64375762
19.020000000000003,1902,-0.04,0.066,1.015,0.057295800000000015,-0.057295800000000015,0.0,-176.60857392,-2.19442914,-50.64375762
19.03,1903,-0.04,0.066,1.015,0.057295800000000015,0.0,0.0,-176.60284434,-2.19442914,-50.64375762
19.040000000000003,1904,-0.04,0.066,1.015,0.057295800000000015,0.0,0.0,-176.60284434,-2.19442914,-50.64375762
19.05,1905,-0.04,0.065,1.013,0.0,-0.11459160000000004,0.0,-176.6143035,-2.19442914,-50.63802804
19.060000000000002,1906,-0.04,0.065,1.014,0.11459160000000004,-0.057295800000000015,0.0,-176.60857392,-2.19442914,-50.63802804
19.07,1907,-0.04,0.064,1.013,0.1718874,-0.11459160000000004,0.0,-176.60857392,-2.18869956,-50.63802804
19.080000000000002,1908,-0.039,0.066,1.014,0.057295800000000015,-0.057295800000000015,0.0,-176.60857392,-2.18869956,-50.63802804
19.090000000000003,1909,-0.039,0.066,1.016,0.0,-0.057295800000000015,0.0,-176.60857392,-2.18869956,-50.63802804
19.1,1910,-0.04,0.064,1.016,0.0,0.0,0.0,-176.62576266000005,-2.20015872,-50.63802804
19.110000000000003,1911,-0.04,0.065,1.015,0.0,0.0,0.0,-176.62576266000005,-2.20015872,-50.63802804
19.12,1912,-0.040999999999999995,0.065,1.016,0.057295800000000015,0.0,0.0,-176.62576266000005,-2.20015872,-50.63802804
19.130000000000003,1913,-0.04,0.065,1.015,0.0,0.0,0.057295800000000015,-176.62576266000005,-2.20015872,-50.63802804
19.14,1914,-0.039,0.066,1.015,0.0,-0.11459160000000004,0.0,-176.62576266000005,-2.19442914,-50.63802804
19.150000000000002,1915,-0.039,0.067,1.015,0.0,0.0,0.0,-176.6143035,-2.19442914,-50.63802804
19.160000000000004,1916,-0.04,0.066,1.015,0.0,-0.057295800000000015,0.0,-176.6143035,-2.19442914,-50.63802804
19.17,1917,-0.04,0.067,1.015,0.0,0.0,0.0,-176.6143035,-2.19442914,-50.63802804
19.180000000000003,1918,-0.039,0.067,1.013,0.057295800000000015,0.057295800000000015,0.0,-176.6143035,-2.19442914,-50.63802804
19.19,1919,-0.04,0.065,1.014,0.057295800000000015,0.057295800000000015,0.057295800000000015,-176.6143035,-2.20015872,-50.64375762
19.200000000000003,1920,-0.04,0.066,1.013,0.11459160000000004,0.11459160000000004,0.0,-176.6143035,-2.20015872,-50.64375762
19.21,1921,-0.04,0.065,1.013,0.11459160000000004,0.057295800000000015,0.0,-176.6143035,-2.20015872,-50.64375762
19.220000000000002,1922,-0.039,0.065,1.013,0.2291832000000001,0.0,0.0,-176.60857392,-2.20015872,-50.64375762
19.23,1923,-0.040999999999999995,0.067,1.014,0.1718874,-0.057295800000000015,0.057295800000000015,-176.60857392,-2.20015872,-50.64375762
19.240000000000002,1924,-0.040999999999999995,0.067,1.016,0.057295800000000015,-0.11459160000000004,0.0,-176.60857392,-2.20015872,-50.64375762
19.250000000000004,1925,-0.040999999999999995,0.067,1.0190000000000001,0.0,-0.1718874,0.057295800000000015,-176.60284434,-2.20015872,-50.64375762
19.26,1926,-0.04,0.067,1.016,0.057295800000000015,-0.1718874,0.0,-176.60284434,-2.20015872,-50.64375762
19.270000000000003,1927,-0.04,0.066,1.015,0.057295800000000015,0.0,0.057295800000000015,-176.60284434,-2.20015872,-50.64375762
19.28,1928,-0.039,0.066,1.014,0.1718874,0.057295800000000015,0.0,-176.60284434,-2.20015872,-50.64375762
19.290000000000003,1929,-0.039,0.066,1.016,0.057295800000000015,0.11459160000000004,0.0,-176.59711476,-2.20015872,-50.64375762
19.3,1930,-0.039,0.066,1.016,0.0,0.11459160000000004,0.0,-176.60284434,-2.20015872,-50.64375762
19.310000000000002,1931,-0.04,0.065,1.0170000000000001,0.0,0.0,0.0,-176.60284434,-2.20015872,-50.64375762
19.32,1932,-0.04,0.065,1.016,0.057295800000000015,-0.1718874,0.0,-176.60284434,-2.19442914,-50.64375762
19.330000000000002,1933,-0.039,0.066,1.015,0.057295800000000015,-0.2291832000000001,0.0,-176.59711476,-2.19442914,-50.64375762
19.340000000000003,1934,-0.04,0.066,1.015,0.0,-0.2291832000000001,0.057295800000000015,-176.59711476,-2.18869956,-50.64375762
19.35,1935,-0.039,0.066,1.015,-0.057295800000000015,-0.11459160000000004,0.0,-176.60284434,-2.19442914,-50.64375762
19.360000000000003,1936,-0.04,0.065,1.014,-0.3437748,0.0,0.0,-176.60857392,-2.19442914,-50.64375762
19.37,1937,-0.04,0.067,1.015,-0.3437748,0.0,0.0,-176.60857392,-2.19442914,-50.64375762
19.380000000000003,1938,-0.039,0.066,1.015,-0.5156622000000001,-0.2291832000000001,0.057295800000000015,-176.6143035,-2.18869956,-50.6494872
19.39,1939,-0.04,0.066,1.015,-0.6302538000000001,-0.40107059999999994,0.0,-176.62576266000005,-2.18869956,-50.64375762
19.400000000000002,1940,-0.04,0.066,1.015,-0.8594370000000001,-0.40107059999999994,0.0,-176.63149224,-2.18296998,-50.64375762
19.410000000000004,1941,-0.04,0.065,1.015,-1.0313244000000001,-0.6302538000000001,0.0,-176.6429514,-2.1772404,-50.64375762
19.42,1942,-0.038,0.064,1.015,-1.0886202,-0.572958,0.0,-176.65441056,-2.17151082,-50.64375762
19.430000000000003,1943,-0.038,0.065,1.015,-1.0313244000000001,-0.5156622000000001,0.0,-176.66586972,-2.1657812400000003,-50.64375762
19.44,1944,-0.039,0.064,1.015,-1.0313244000000001,-0.6302538000000001,0.0,-176.67732887999995,-2.15432208,-50.64375762
19.450000000000003,1945,-0.04,0.064,1.016,-1.0313244000000001,-0.8594370000000001,0.0,-176.68305846,-2.1485925000000003,-50.64375762
19.46,1946,-0.039,0.063,1.015,-0.8594370000000001,-0.8594370000000001,0.0,-176.69451762,-2.14286292,-50.64375762
19.470000000000002,1947,-0.037000000000000005,0.065,1.015,-0.6302538000000001,-0.6302538000000001,0.057295800000000015,-176.70024719999995,-2.13140376,-50.64375762
19.48,1948,-0.038,0.063,1.016,-0.4583664000000001,-0.5156622000000001,0.057295800000000015,-176.70597678,-2.12567418,-50.64375762
19.490000000000002,1949,-0.039,0.065,1.016,-0.40107059999999994,-0.4583664000000001,0.057295800000000015,-176.71170636,-2.12567418,-50.64375762
19.500000000000004,1950,-0.038,0.064,1.016,-0.40107059999999994,-0.11459160000000004,0.0,-176.72316552,-2.12567418,-50.64375762
19.51,1951,-0.037000000000000005,0.065,1.014,-0.2291832000000001,0.1718874,0.0,-176.7288951,-2.12567418,-50.64375762
19.520000000000003,1952,-0.039,0.064,1.014,-0.11459160000000004,0.3437748,0.0,-176.7288951,-2.13140376,-50.64375762
19.53,1953,-0.039,0.064,1.013,0.0,0.4583664000000001,0.0,-176.7288951,-2.13140376,-50.64375762
19.540000000000003,1954,-0.038,0.064,1.013,0.0,0.40107059999999994,0.0,-176.7288951,-2.13713334,-50.64375762
19.55,1955,-0.038,0.063,1.014,0.0,0.286479,0.0,-176.7288951,-2.14286292,-50.64375762
19.560000000000002,1956,-0.039,0.064,1.014,0.057295800000000015,0.2291832000000001,0.0,-176.7288951,-2.14286292,-50.64375762
19.57,1957,-0.039,0.063,1.013,0.11459160000000004,0.2291832000000001,0.0,-176.7288951,-2.1485925000000003,-50.64375762
19.580000000000002,1958,-0.039,0.063,1.014,0.11459160000000004,0.11459160000000004,0.0,-176.72316552,-2.1485925000000003,-50.64375762
19.590000000000003,1959,-0.039,0.064,1.016,0.11459160000000004,0.1718874,0.0,-176.72316552,-2.1485925000000003,-50.64375762
19.6,1960,-0.039,0.065,1.018,0.057295800000000015,0.11459160000000004,0.0,-176.72316552,-2.15432208,-50.64375762
19.610000000000003,1961,-0.038,0.063,1.02,0.057295800000000015,0.0,0.0,-176.71743594,-2.15432208,-50.64375762
19.62,1962,-0.038,0.063,1.0190000000000001,0.11459160000000004,0.2291832000000001,-0.057295800000000015,-176.71743594,-2.16005166,-50.64375762
19.630000000000003,1963,-0.039,0.065,1.02,0.286479,0.6302538000000001,0.0,-176.71743594,-2.1657812400000003,-50.64375762
19.64,1964,-0.038,0.063,1.0170000000000001,0.3437748,0.6875496,0.0,-176.71170636,-2.17151082,-50.64375762
19.650000000000002,1965,-0.038,0.063,1.015,0.286479,0.8594370000000001,0.0,-176.71170636,-2.18296998,-50.64375762
19.660000000000004,1966,-0.039,0.064,1.015,0.286479,0.8594370000000001,-0.057295800000000015,-176.70597678,-2.19442914,-50.64375762
19.67,1967,-0.038,0.064,1.013,0.2291832000000001,0.8594370000000001,-0.057295800000000015,-176.70597678,-2.20015872,-50.64375762
19.680000000000003,1968,-0.04,0.064,1.012,0.2291832000000001,0.8594370000000001,-0.11459160000000004,-176.70024719999995,-2.21161788,-50.64375762
19.69,1969,-0.039,0.064,1.011,0.286479,0.8594370000000001,-0.057295800000000015,-176.70024719999995,-2.21734746,-50.64375762
19.700000000000003,1970,-0.04,0.064,1.012,0.286479,0.7448454000000001,0.0,-176.70024719999995,-2.22880662,-50.64375762
19.71,1971,-0.04,0.064,1.013,0.3437748,0.5156622000000001,-0.057295800000000015,-176.69451762,-2.2345362,-50.64375762
19.720000000000002,1972,-0.04,0.063,1.014,0.3437748,0.4583664000000001,-0.057295800000000015,-176.68878804000005,-2.2345362,-50.64375762
19.73,1973,-0.04,0.063,1.015,0.4583664000000001,0.40107059999999994,0.0,-176.68305846,-2.24026578,-50.64375762
19.740000000000002,1974,-0.04,0.063,1.0170000000000001,0.4583664000000001,0.286479,-0.057295800000000015,-176.68305846,-2.24599536,-50.64375762
19.750000000000004,1975,-0.039,0.063,1.018,0.40107059999999994,0.2291832000000001,-0.057295800000000015,-176.68305846,-2.24599536,-50.64375762
19.76,1976,-0.04,0.064,1.018,0.40107059999999994,0.286479,0.0,-176.67732887999995,-2.25172494,-50.64375762
19.770000000000003,1977,-0.039,0.063,1.0170000000000001,0.286479,0.4583664000000001,0.0,-176.6715993,-2.25745452,-50.64375762
19.78,1978,-0.039,0.063,1.0170000000000001,0.3437748,0.572958,-0.057295800000000015,-176.6715993,-2.2631841,-50.64375762
19.790000000000003,1979,-0.04,0.064,1.016,0.40107059999999994,0.572958,-0.057295800000000015,-176.66586972,-2.26891368,-50.64375762
19.8,1980,-0.04,0.065,1.014,0.40107059999999994,0.572958,-0.11459160000000004,-176.66014014,-2.26891368,-50.64375762
19.810000000000002,1981,-0.040999999999999995,0.063,1.014,0.4583664000000001,0.5156622000000001,-0.057295800000000015,-176.66014014,-2.2746432600000004,-50.64375762
19.82,1982,-0.04,0.064,1.014,0.40107059999999994,0.40107059999999994,0.0,-176.65441056,-2.28037284,-50.64375762
19.830000000000002,1983,-0.042,0.064,1.014,0.40107059999999994,0.286479,-0.057295800000000015,-176.64868098,-2.28037284,-50.64375762
19.840000000000003,1984,-0.04,0.065,1.013,0.4583664000000001,0.286479,-0.057295800000000015,-176.6429514,-2.28610242,-50.63802804
19.85,1985,-0.04,0.065,1.014,0.3437748,0.4583664000000001,-0.057295800000000015,-176.6429514,-2.2918320000000003,-50.63802804
19.860000000000003,1986,-0.04,0.064,1.015,0.4583664000000001,0.3437748,-0.057295800000000015,-176.63722182,-2.2918320000000003,-50.63802804
19.87,1987,-0.040999999999999995,0.064,1.015,0.11459160000000004,0.057295800000000015,0.0,-176.63722182,-2.2918320000000003,-50.63802804
19.880000000000003,1988,-0.04,0.064,1.014,0.0,0.0,0.0,-176.63722182,-2.29756158,-50.63802804
19.89,1989,-0.04,0.064,1.016,0.0,0.0,0.0,-176.63722182,-2.29756158,-50.63802804
19.900000000000002,1990,-0.04,0.063,1.014,0.0,0.057295800000000015,0.0,-176.65441056,-2.28610242,-50.63802804
19.910000000000004,1991,-0.040999999999999995,0.063,1.013,0.0,0.0,0.0,-176.65441056,-2.28610242,-50.63802804
19.92,1992,-0.040999999999999995,0.062,1.014,0.057295800000000015,-0.11459160000000004,0.0,-176.65441056,-2.28610242,-50.63802804
19.930000000000003,1993,-0.040999999999999995,0.063,1.013,0.11459160000000004,-0.1718874,0.0,-176.65441056,-2.28610242,-50.63802804
19.94,1994,-0.042,0.063,1.015,0.0,-0.286479,0.0,-176.64868098,-2.28037284,-50.63802804
19.950000000000003,1995,-0.040999999999999995,0.064,1.016,0.0,-0.4583664000000001,0.057295800000000015,-176.64868098,-2.28037284,-50.63802804
19.96,1996,-0.040999999999999995,0.064,1.015,0.057295800000000015,-0.5156622000000001,0.0,-176.64868098,-2.2746432600000004,-50.63802804
19.970000000000002,1997,-0.040999999999999995,0.064,1.015,0.1718874,-0.3437748,0.0,-176.64868098,-2.26891368,-50.63802804
19.98,1998,-0.040999999999999995,0.064,1.014,0.2291832000000001,-0.2291832000000001,0.0,-176.6429514,-2.26891368,-50.63802804
19.990000000000002,1999,-0.040999999999999995,0.065,1.016,0.1718874,-0.2291832000000001,0.057295800000000015,-176.6429514,-2.2631841,-50.63802804
20.000000000000004,2000,-0.040999999999999995,0.064,1.0170000000000001,0.0,-0.2291832000000001,0.057295800000000015,-176.65441056,-2.26891368,-50.63802804
20.01,2001,-0.040999999999999995,0.065,1.0170000000000001,0.0,-0.3437748,0.0,-176.65441056,-2.2631841,-50.63802804
20.020000000000003,2002,-0.04,0.064,1.016,0.11459160000000004,-0.3437748,0.057295800000000015,-176.64868098,-2.2631841,-50.63802804
20.03,2003,-0.042,0.064,1.016,0.286479,-0.5156622000000001,0.11459160000000004,-176.64868098,-2.25745452,-50.63802804
20.040000000000003,2004,-0.040999999999999995,0.065,1.015,0.286479,-0.5156622000000001,0.057295800000000015,-176.6429514,-2.25172494,-50.63802804
20.05,2005,-0.04,0.065,1.014,0.3437748,-0.40107059999999994,0.11459160000000004,-176.6429514,-2.25172494,-50.64375762
20.060000000000002,2006,-0.040999999999999995,0.067,1.014,0.1718874,-0.3437748,0.057295800000000015,-176.63722182,-2.24599536,-50.64375762
20.07,2007,-0.04,0.065,1.014,0.11459160000000004,-0.286479,0.0,-176.63722182,-2.24026578,-50.64375762
20.080000000000002,2008,-0.04,0.065,1.014,0.1718874,-0.11459160000000004,0.057295800000000015,-176.63722182,-2.24026578,-50.64375762
20.090000000000003,2009,-0.040999999999999995,0.066,1.013,0.286479,-0.1718874,0.057295800000000015,-176.63149224,-2.24026578,-50.64375762
20.1,2010,-0.040999999999999995,0.066,1.014,0.2291832000000001,-0.1718874,0.057295800000000015,-176.63149224,-2.24026578,-50.64375762
20.110000000000003,2011,-0.040999999999999995,0.067,1.014,0.057295800000000015,-0.2291832000000001,0.057295800000000015,-176.63149224,-2.24026578,-50.64375762
20.12,2012,-0.040999999999999995,0.067,1.014,0.11459160000000004,-0.2291832000000001,0.0,-176.62576266000005,-2.2345362,-50.64375762
20.130000000000003,2013,-0.040999999999999995,0.067,1.014,0.1718874,-0.3437748,0.057295800000000015,-176.62576266000005,-2.2345362,-50.64375762
20.14,2014,-0.04,0.065,1.015,0.2291832000000001,-0.40107059999999994,0.0,-176.62576266000005,-2.22880662,-50.64375762
20.150000000000002,2015,-0.040999999999999995,0.064,1.0170000000000001,0.2291832000000001,-0.3437748,0.0,-176.62576266000005,-2.22880662,-50.64375762
20.160000000000004,2016,-0.040999999999999995,0.064,1.018,0.1718874,-0.3437748,0.0,-176.62003308,-2.22307704,-50.64375762
20.17,2017,-0.040999999999999995,0.065,1.016,0.1718874,-0.40107059999999994,0.0,-176.62003308,-2.21734746,-50.64375762
20.180000000000003,2018,-0.04,0.064,1.0170000000000001,0.11459160000000004,-0.2291832000000001,0.0,-176.62003308,-2.21734746,-50.64375762
20.19,2019,-0.040999999999999995,0.064,1.016,0.0,-0.1718874,0.0,-176.62003308,-2.21734746,-50.64375762
20.200000000000003,2020,-0.04,0.065,1.016,0.0,-0.057295800000000015,0.0,-176.62576266000005,-2.22880662,-50.64375762
20.21,2021,-0.040999999999999995,0.064,1.014,0.057295800000000015,0.0,0.0,-176.62003308,-2.22880662,-50.64375762
20.220000000000002,2022,-0.04,0.064,1.013,0.0,0.0,0.0,-176.62576266000005,-2.2345362,-50.64375762
20.23,2023,-0.04,0.064,1.013,-0.057295800000000015,0.0,0.0,-176.62576266000005,-2.2345362,-50.64375762
20.240000000000002,2024,-0.040999999999999995,0.065,1.014,0.0,0.0,0.0,-176.62576266000005,-2.2345362,-50.64375762
20.250000000000004,2025,-0.04,0.064,1.013,-0.057295800000000015,-0.11459160000000004,0.0,-176.62576266000005,-2.2345362,-50.64375762
20.26,2026,-0.04,0.064,1.014,-0.11459160000000004,0.0,0.0,-176.63149224,-2.2345362,-50.64375762
20.270000000000003,2027,-0.04,0.064,1.015,-0.057295800000000015,-0.1718874,0.0,-176.63149224,-2.22880662,-50.64375762
20.28,2028,-0.039,0.064,1.016,-0.057295800000000015,-0.057295800000000015,0.0,-176.63149224,-2.22880662,-50.64375762
20.290000000000003,2029,-0.040999999999999995,0.064,1.015,-0.11459160000000004,0.0,0.057295800000000015,-176.63149224,-2.22880662,-50.64375762
20.3,2030,-0.039,0.065,1.016,-0.057295800000000015,0.0,0.0,-176.63722182,-2.22307704,-50.64375762
20.310000000000002,2031,-0.04,0.066,1.016,-0.057295800000000015,0.0,0.0,-176.63722182,-2.22307704,-50.64375762
20.32,2032,-0.04,0.067,1.016,0.0,0.057295800000000015,0.0,-176.6429514,-2.22307704,-50.64375762
20.330000000000002,2033,-0.040999999999999995,0.068,1.016,-0.057295800000000015,0.057295800000000015,0.0,-176.6429514,-2.22307704,-50.64375762
20.340000000000003,2034,-0.04,0.067,1.016,-0.11459160000000004,0.1718874,0.0,-176.6429514,-2.22880662,-50.64375762
20.35,2035,-0.04,0.068,1.015,-0.057295800000000015,0.1718874,0.0,-176.63149224,-2.22880662,-50.64375762
20.360000000000003,2036,-0.04,0.067,1.015,-0.057295800000000015,0.1718874,0.0,-176.63149224,-2.2345362,-50.64375762
20.37,2037,-0.04,0.066,1.015,-0.11459160000000004,0.2291832000000001,0.0,-176.63149224,-2.2345362,-50.64375762
20.380000000000003,2038,-0.039,0.067,1.015,-0.057295800000000015,0.1718874,0.0,-176.63149224,-2.2345362,-50.64375762
20.39,2039,-0.04,0.068,1.014,0.0,0.11459160000000004,0.0,-176.63149224,-2.24026578,-50.64375762
20.400000000000002,2040,-0.04,0.067,1.014,-0.057295800000000015,0.057295800000000015,0.0,-176.63149224,-2.24026578,-50.64375762
20.410000000000004,2041,-0.040999999999999995,0.067,1.015,-0.057295800000000015,0.057295800000000015,0.0,-176.63149224,-2.24026578,-50.64375762
20.42,2042,-0.040999999999999995,0.067,1.013,0.0,0.0,-0.057295800000000015,-176.63149224,-2.24026578,-50.64375762
20.430000000000003,2043,-0.040999999999999995,0.067,1.015,-0.057295800000000015,-0.057295800000000015,0.0,-176.63149224,-2.24026578,-50.64375762
20.44,2044,-0.04,0.066,1.015,0.0,-0.1718874,0.0,-176.63149224,-2.24026578,-50.64375762
20.450000000000003,2045,-0.040999999999999995,0.066,1.015,-0.057295800000000015,-0.1718874,0.0,-176.63149224,-2.2345362,-50.64375762
20.46,2046,-0.040999999999999995,0.066,1.015,-0.057295800000000015,0.0,-0.057295800000000015,-176.63149224,-2.2345362,-50.64375762
20.470000000000002,2047,-0.04,0.066,1.016,0.0,0.0,-0.057295800000000015,-176.63149224,-2.2345362,-50.63802804
20.48,2048,-0.04,0.066,1.016,0.0,0.057295800000000015,0.0,-176.63149224,-2.2345362,-50.63802804
20.490000000000002,2049,-0.040999999999999995,0.066,1.016,0.0,0.0,0.0,-176.63149224,-2.2345362,-50.63802804
20.500000000000004,2050,-0.040999999999999995,0.065,1.015,0.0,-0.057295800000000015,0.0,-176.63149224,-2.2345362,-50.63802804
20.51,2051,-0.04,0.066,1.015,-0.057295800000000015,-0.057295800000000015,-0.057295800000000015,-176.63722182,-2.2345362,-50.63802804
20.520000000000003,2052,-0.04,0.066,1.014,-0.057295800000000015,-0.057295800000000015,0.0,-176.63722182,-2.2345362,-50.63802804
20.53,2053,-0.04,0.066,1.016,-0.057295800000000015,-0.11459160000000004,0.0,-176.63722182,-2.2345362,-50.63802804
20.540000000000003,2054,-0.04,0.065,1.016,-0.11459160000000004,0.0,0.0,-176.63722182,-2.2345362,-50.63802804
20.55,2055,-0.04,0.065,1.015,-0.1718874,0.11459160000000004,0.0,-176.6429514,-2.2345362,-50.63802804
20.560000000000002,2056,-0.039,0.065,1.014,-0.11459160000000004,0.0,0.0,-176.6429514,-2.2345362,-50.63802804
20.57,2057,-0.039,0.066,1.014,-0.11459160000000004,0.11459160000000004,0.0,-176.64868098,-2.2345362,-50.63802804
20.580000000000002,2058,-0.039,0.066,1.014,0.0,0.0,0.0,-176.64868098,-2.2345362,-50.63802804
20.590000000000003,2059,-0.039,0.065,1.012,0.0,0.0,0.0,-176.64868098,-2.2345362,-50.63802804
20.6,2060,-0.04,0.065,1.013,0.0,-0.1718874,0.057295800000000015,-176.65441056,-2.22880662,-50.63802804
20.610000000000003,2061,-0.039,0.064,1.014,0.0,-0.1718874,0.057295800000000015,-176.65441056,-2.22880662,-50.63802804
20.62,2062,-0.04,0.067,1.015,0.0,-0.1718874,0.0,-176.65441056,-2.22880662,-50.63802804
20.630000000000003,2063,-0.04,0.069,1.0170000000000001,-0.057295800000000015,-0.2291832000000001,0.0,-176.65441056,-2.22307704,-50.63802804
20.64,2064,-0.04,0.069,1.018,-0.1718874,-0.11459160000000004,0.0,-176.65441056,-2.22307704,-50.63802804
20.650000000000002,2065,-0.039,0.068,1.015,-0.057295800000000015,0.057295800000000015,0.0,-176.64868098,-2.22307704,-50.63802804
20.660000000000004,2066,-0.04,0.066,1.015,-0.1718874,0.2291832000000001,0.0,-176.64868098,-2.22307704,-50.63802804
20.67,2067,-0.039,0.066,1.016,-0.11459160000000004,0.2291832000000001,0.0,-176.64868098,-2.22880662,-50.63802804
20.680000000000003,2068,-0.039,0.066,1.016,-0.057295800000000015,0.2291832000000001,0.0,-176.64868098,-2.22880662,-50.63802804
20.69,2069,-0.04,0.067,1.016,0.0,0.057295800000000015,0.0,-176.64868098,-2.22880662,-50.64375762
20.700000000000003,2070,-0.039,0.065,1.015,0.11459160000000004,-0.1718874,0.0,-176.64868098,-2.2345362,-50.64375762
20.71,2071,-0.039,0.067,1.016,0.11459160000000004,-0.1718874,0.0,-176.64868098,-2.22880662,-50.64375762
20.720000000000002,2072,-0.04,0.067,1.016,0.057295800000000015,-0.11459160000000004,0.0,-176.64868098,-2.22880662,-50.64375762
20.73,2073,-0.04,0.066,1.014,-0.057295800000000015,0.0,0.057295800000000015,-176.64868098,-2.22880662,-50.64375762
20.740000000000002,2074,-0.04,0.068,1.014,-0.057295800000000015,0.0,0.057295800000000015,-176.64868098,-2.22880662,-50.64375762
20.750000000000004,2075,-0.04,0.068,1.014,-0.11459160000000004,0.0,0.0,-176.6143035,-2.24026578,-50.64375762
20.76,2076,-0.04,0.068,1.014,0.0,0.057295800000000015,0.0,-176.6143035,-2.24026578,-50.64375762
20.770000000000003,2077,-0.04,0.068,1.014,0.0,0.0,0.0,-176.6143035,-2.24026578,-50.64375762
20.78,2078,-0.04,0.068,1.014,-0.057295800000000015,0.057295800000000015,0.0,-176.62003308,-2.24026578,-50.64375762
20.790000000000003,2079,-0.04,0.068,1.014,-0.11459160000000004,0.11459160000000004,0.0,-176.62003308,-2.24599536,-50.64375762
20.8,2080,-0.039,0.068,1.014,0.0,0.057295800000000015,0.0,-176.6143035,-2.24026578,-50.64375762
20.810000000000002,2081,-0.039,0.067,1.015,0.0,0.0,0.0,-176.6143035,-2.24026578,-50.64375762
20.82,2082,-0.039,0.067,1.015,0.057295800000000015,-0.057295800000000015,0.0,-176.6143035,-2.2345362,-50.64375762
20.830000000000002,2083,-0.039,0.067,1.016,0.11459160000000004,-0.057295800000000015,0.0,-176.60857392,-2.2345362,-50.64375762
20.840000000000003,2084,-0.039,0.067,1.0170000000000001,0.11459160000000004,-0.057295800000000015,0.0,-176.60857392,-2.2345362,-50.64375762
20.85,2085,-0.039,0.067,1.016,0.057295800000000015,-0.11459160000000004,0.0,-176.60857392,-2.22880662,-50.64375762
20.860000000000003,2086,-0.04,0.067,1.016,0.057295800000000015,0.0,0.0,-176.60857392,-2.22880662,-50.64375762
20.87,2087,-0.04,0.068,1.016,0.057295800000000015,0.057295800000000015,0.0,-176.60284434,-2.22880662,-50.64375762
20.880000000000003,2088,-0.04,0.067,1.014,0.0,0.11459160000000004,0.0,-176.60284434,-2.2345362,-50.64375762
20.89,2089,-0.04,0.066,1.015,0.0,0.1718874,0.0,-176.60284434,-2.2345362,-50.64375762
20.900000000000002,2090,-0.04,0.066,1.016,0.0,0.286479,0.0,-176.60857392,-2.24026578,-50.64375762
20.910000000000004,2091,-0.039,0.065,1.016,-0.1718874,0.1718874,-0.057295800000000015,-176.60857392,-2.24026578,-50.64375762
20.92,2092,-0.04,0.066,1.015,-0.1718874,0.2291832000000001,0.0,-176.6143035,-2.24026578,-50.64375762
20.930000000000003,2093,-0.04,0.065,1.015,-0.057295800000000015,0.1718874,0.057295800000000015,-176.6143035,-2.24599536,-50.64375762
20.94,2094,-0.04,0.065,1.015,-0.057295800000000015,0.11459160000000004,0.057295800000000015,-176.6143035,-2.24599536,-50.64375762
20.950000000000003,2095,-0.039,0.064,1.014,-0.11459160000000004,0.057295800000000015,0.0,-176.63722182,-2.2345362,-50.64375762
20.96,2096,-0.04,0.066,1.015,-0.11459160000000004,0.0,0.0,-176.63722182,-2.2345362,-50.64375762
20.970000000000002,2097,-0.039,0.065,1.013,-0.057295800000000015,0.11459160000000004,0.0,-176.63722182,-2.24026578,-50.64375762
20.98,2098,-0.04,0.066,1.016,0.0,0.057295800000000015,0.0,-176.63722182,-2.24026578,-50.6494872
20.990000000000002,2099,-0.04,0.066,1.016,-0.057295800000000015,0.057295800000000015,0.0,-176.63722182,-2.24026578,-50.6494872
21.000000000000004,2100,-0.039,0.066,1.016,-0.057295800000000015,0.11459160000000004,0.0,-176.63149224,-2.24026578,-50.6494872
21.01,2101,-0.039,0.066,1.0170000000000001,-0.057295800000000015,0.057295800000000015,0.0,-176.63722182,-2.24026578,-50.6494872
21.020000000000003,2102,-0.04,0.068,1.015,-0.11459160000000004,0.1718874,0.0,-176.63722182,-2.24026578,-50.6494872
21.03,2103,-0.039,0.068,1.015,-0.057295800000000015,0.11459160000000004,0.0,-176.63722182,-2.24026578,-50.6494872
21.040000000000003,2104,-0.040999999999999995,0.067,1.015,-0.057295800000000015,0.1718874,0.0,-176.63722182,-2.24599536,-50.6494872
21.05,2105,-0.040999999999999995,0.068,1.015,-0.11459160000000004,0.11459160000000004,0.0,-176.63149224,-2.25172494,-50.6494872
21.060000000000002,2106,-0.04,0.067,1.015,-0.11459160000000004,0.0,0.0,-176.63149224,-2.25172494,-50.6494872
21.07,2107,-0.04,0.067,1.015,-0.11459160000000004,0.057295800000000015,0.0,-176.63722182,-2.25172494,-50.6494872
21.080000000000002,2108,-0.04,0.067,1.016,-0.11459160000000004,0.0,0.0,-176.63722182,-2.25172494,-50.6494872
21.090000000000003,2109,-0.04,0.067,1.015,-0.11459160000000004,0.11459160000000004,0.0,-176.63722182,-2.25745452,-50.6494872
21.1,2110,-0.04,0.067,1.015,0.0,0.0,0.0,-176.62003308,-2.24599536,-50.6494872
21.110000000000003,2111,-0.04,0.067,1.015,0.0,-0.1718874,0.0,-176.62003308,-2.24599536,-50.6494872
21.12,2112,-0.04,0.068,1.016,-0.057295800000000015,-0.11459160000000004,0.0,-176.62003308,-2.24026578,-50.6494872
21.130000000000003,2113,-0.04,0.067,1.016,-0.057295800000000015,-0.057295800000000015,0.0,-176.62003308,-2.24026578,-50.6494872
21.14,2114,-0.039,0.067,1.015,-0.057295800000000015,0.0,0.0,-176.62003308,-2.24026578,-50.6494872
21.150000000000002,2115,-0.04,0.067,1.015,-0.11459160000000004,0.057295800000000015,0.0,-176.60284434,-2.2345362,-50.6494872
21.160000000000004,2116,-0.039,0.067,1.016,-0.057295800000000015,0.0,-0.057295800000000015,-176.60857392,-2.2345362,-50.6494872
21.17,2117,-0.039,0.067,1.015,-0.057295800000000015,-0.057295800000000015,-0.057295800000000015,-176.60857392,-2.2345362,-50.6494872
21.180000000000003,2118,-0.04,0.067,1.015,-0.057295800000000015,-0.057295800000000015,0.0,-176.60857392,-2.2345362,-50.6494872
21.19,2119,-0.04,0.067,1.016,-0.057295800000000015,-0.1718874,0.0,-176.60857392,-2.2345362,-50.6494872
21.200000000000003,2120,-0.039,0.067,1.015,-0.057295800000000015,-0.1718874,0.0,-176.60857392,-2.22880662,-50.6494872
21.21,2121,-0.039,0.066,1.015,-0.11459160000000004,-0.057295800000000015,0.0,-176.60857392,-2.22880662,-50.6494872
21.220000000000002,2122,-0.04,0.066,1.016,-0.11459160000000004,0.0,-0.057295800000000015,-176.60857392,-2.22880662,-50.64375762
21.23,2123,-0.039,0.066,1.015,-0.11459160000000004,0.0,-0.057295800000000015,-176.60857392,-2.22880662,-50.64375762
21.240000000000002,2124,-0.039,0.065,1.015,0.0,0.0,0.0,-176.60857392,-2.22880662,-50.64375762
21.250000000000004,2125,-0.039,0.065,1.015,0.0,0.11459160000000004,0.0,-176.6143035,-2.22880662,-50.64375762
21.26,2126,-0.039,0.066,1.013,0.0,0.0,0.0,-176.6143035,-2.22880662,-50.64375762
21.270000000000003,2127,-0.039,0.065,1.015,0.0,-0.057295800000000015,-0.057295800000000015,-176.6143035,-2.22880662,-50.64375762
21.28,2128,-0.040999999999999995,0.066,1.016,0.0,0.0,-0.057295800000000015,-176.6143035,-2.22880662,-50.64375762
21.290000000000003,2129,-0.04,0.066,1.016,-0.11459160000000004,-0.057295800000000015,-0.057295800000000015,-176.62003308,-2.22880662,-50.64375762
21.3,2130,-0.04,0.067,1.018,-0.11459160000000004,-0.1718874,0.0,-176.6143035,-2.22880662,-50.64375762
21.310000000000002,2131,-0.04,0.067,1.0170000000000001,-0.11459160000000004,-0.1718874,0.0,-176.6143035,-2.22307704,-50.64375762
21.32,2132,-0.04,0.067,1.014,-0.11459160000000004,0.0,0.0,-176.62003308,-2.22307704,-50.63802804
21.330000000000002,2133,-0.039,0.067,1.014,-0.11459160000000004,0.11459160000000004,0.0,-176.62003308,-2.22307704,-50.63802804
21.340000000000003,2134,-0.039,0.065,1.014,-0.11459160000000004,0.1718874,-0.057295800000000015,-176.62003308,-2.22880662,-50.63802804
21.35,2135,-0.04,0.065,1.015,-0.11459160000000004,0.2291832000000001,-0.057295800000000015,-176.62576266000005,-2.22880662,-50.63802804
21.360000000000003,2136,-0.04,0.065,1.016,-0.057295800000000015,0.057295800000000015,0.0,-176.62576266000005,-2.2345362,-50.63802804
21.37,2137,-0.039,0.065,1.016,0.0,0.0,0.0,-176.62576266000005,-2.2345362,-50.63802804
21.380000000000003,2138,-0.04,0.067,1.016,0.0,-0.11459160000000004,0.0,-176.62576266000005,-2.22880662,-50.63802804
21.39,2139,-0.04,0.067,1.015,0.11459160000000004,-0.057295800000000015,0.0,-176.62576266000005,-2.22880662,-50.63802804
21.400000000000002,2140,-0.04,0.067,1.015,0.0,-0.11459160000000004,0.0,-176.62003308,-2.22880662,-50.63802804
21.410000000000004,2141,-0.039,0.067,1.014,0.0,0.0,0.0,-176.62003308,-2.22880662,-50.63802804
21.42,2142,-0.04,0.066,1.015,0.0,0.0,0.0,-176.62003308,-2.22880662,-50.63802804
21.430000000000003,2143,-0.039,0.067,1.015,0.0,0.11459160000000004,0.0,-176.62003308,-2.22880662,-50.63802804
21.44,2144,-0.04,0.069,1.015,0.0,0.11459160000000004,0.0,-176.62003308,-2.22880662,-50.63802804
21.450000000000003,2145,-0.04,0.068,1.015,0.0,0.11459160000000004,0.0,-176.6143035,-2.2345362,-50.63802804
21.46,2146,-0.04,0.066,1.015,-0.057295800000000015,0.057295800000000015,0.0,-176.6143035,-2.2345362,-50.63802804
21.470000000000002,2147,-0.039,0.066,1.014,-0.057295800000000015,0.057295800000000015,0.0,-176.6143035,-2.2345362,-50.63802804
21.48,2148,-0.04,0.067,1.013,0.0,0.0,0.0,-176.6143035,-2.2345362,-50.64375762
21.490000000000002,2149,-0.04,0.066,1.013,0.057295800000000015,-0.057295800000000015,0.0,-176.6143035,-2.2345362,-50.64375762
21.500000000000004,2150,-0.039,0.067,1.015,0.057295800000000015,-0.057295800000000015,0.0,-176.60284434,-2.22880662,-50.64375762
21.51,2151,-0.039,0.066,1.015,0.1718874,-0.11459160000000004,0.0,-176.60284434,-2.22880662,-50.64375762
21.520000000000003,2152,-0.04,0.065,1.016,0.11459160000000004,-0.11459160000000004,0.0,-176.60284434,-2.22880662,-50.64375762
21.53,2153,-0.04,0.066,1.015,0.11459160000000004,-0.1718874,0.057295800000000015,-176.59711476,-2.22880662,-50.64375762
21.540000000000003,2154,-0.04,0.066,1.014,0.1718874,-0.1718874,0.0,-176.59711476,-2.22307704,-50.64375762
21.55,2155,-0.04,0.066,1.015,0.11459160000000004,-0.057295800000000015,0.0,-176.60284434,-2.22307704,-50.64375762
21.560000000000002,2156,-0.04,0.065,1.014,0.057295800000000015,0.057295800000000015,0.057295800000000015,-176.60284434,-2.22880662,-50.64375762
21.57,2157,-0.04,0.065,1.015,0.057295800000000015,0.11459160000000004,0.0,-176.60284434,-2.22880662,-50.64375762
21.580000000000002,2158,-0.039,0.065,1.015,0.0,0.1718874,0.0,-176.60284434,-2.22880662,-50.64375762
21.590000000000003,2159,-0.04,0.064,1.015,0.0,0.0,0.057295800000000015,-176.60284434,-2.22880662,-50.64375762
21.6,2160,-0.04,0.065,1.015,0.0,0.0,0.0,-176.60857392,-2.2345362,-50.64375762
21.610000000000003,2161,-0.039,0.065,1.016,0.0,0.057295800000000015,0.0,-176.60857392,-2.2345362,-50.64375762
21.62,2162,-0.039,0.064,1.016,0.057295800000000015,0.057295800000000015,0.0,-176.60857392,-2.2345362,-50.64375762
21.630000000000003,2163,-0.04,0.066,1.016,0.0,0.057295800000000015,0.0,-176.60857392,-2.2345362,-50.64375762
21.64,2164,-0.04,0.065,1.015,0.0,0.057295800000000015,0.0,-176.60857392,-2.2345362,-50.64375762
21.650000000000002,2165,-0.04,0.065,1.015,0.057295800000000015,0.0,0.0,-176.60284434,-2.24026578,-50.64375762
21.660000000000004,2166,-0.04,0.066,1.015,0.057295800000000015,0.057295800000000015,0.0,-176.60284434,-2.24026578,-50.64375762
21.67,2167,-0.04,0.066,1.0170000000000001,0.057295800000000015,0.0,0.0,-176.60284434,-2.24026578,-50.6494872
21.680000000000003,2168,-0.04,0.067,1.0170000000000001,0.0,0.057295800000000015,0.0,-176.60284434,-2.24599536,-50.6494872
21.69,2169,-0.04,0.067,1.016,0.0,0.1718874,0.0,-176.60284434,-2.24599536,-50.6494872
21.700000000000003,2170,-0.040999999999999995,0.067,1.015,0.0,0.1718874,0.0,-176.5856556,-2.25172494,-50.6494872
21.71,2171,-0.039,0.068,1.015,0.0,0.1718874,0.0,-176.5856556,-2.25172494,-50.6494872
21.720000000000002,2172,-0.04,0.067,1.014,-0.057295800000000015,0.1718874,0.0,-176.5856556,-2.25172494,-50.6494872
21.73,2173,-0.040999999999999995,0.066,1.014,0.0,0.11459160000000004,0.0,-176.5856556,-2.25745452,-50.6494872
21.740000000000002,2174,-0.04,0.067,1.014,0.0,0.2291832000000001,0.0,-176.5856556,-2.25745452,-50.6494872
21.750000000000004,2175,-0.04,0.067,1.014,0.0,0.11459160000000004,0.0,-176.57992602,-2.25745452,-50.6494872
21.76,2176,-0.04,0.067,1.014,0.0,0.11459160000000004,0.0,-176.57992602,-2.2631841,-50.6494872
21.770000000000003,2177,-0.040999999999999995,0.066,1.014,0.057295800000000015,0.0,0.0,-176.57992602,-2.2631841,-50.6494872
21.78,2178,-0.04,0.066,1.013,0.057295800000000015,0.0,0.0,-176.57992602,-2.2631841,-50.6494872
21.790000000000003,2179,-0.04,0.066,1.014,0.057295800000000015,0.0,0.0,-176.57992602,-2.2631841,-50.6494872
21.8,2180,-0.04,0.065,1.015,0.11459160000000004,0.057295800000000015,0.0,-176.5856556,-2.2631841,-50.6494872
21.810000000000002,2181,-0.040999999999999995,0.066,1.016,0.057295800000000015,0.057295800000000015,0.0,-176.57992602,-2.2631841,-50.6494872
21.82,2182,-0.040999999999999995,0.065,1.016,0.0,0.0,0.0,-176.57992602,-2.2631841,-50.6494872
21.830000000000002,2183,-0.04,0.066,1.016,0.0,0.057295800000000015,0.0,-176.57992602,-2.2631841,-50.6494872
21.840000000000003,2184,-0.040999999999999995,0.065,1.015,0.0,0.0,0.0,-176.57992602,-2.2631841,-50.6494872
21.85,2185,-0.040999999999999995,0.066,1.016,-0.057295800000000015,-0.11459160000000004,0.0,-176.5856556,-2.26891368,-50.6494872
21.860000000000003,2186,-0.040999999999999995,0.064,1.0170000000000001,-0.057295800000000015,-0.057295800000000015,0.0,-176.5856556,-2.26891368,-50.6494872
21.87,2187,-0.04,0.065,1.015,0.0,-0.11459160000000004,0.0,-176.5856556,-2.26891368,-50.6494872
21.880000000000003,2188,-0.039,0.065,1.015,0.0,-0.057295800000000015,0.0,-176.5856556,-2.26891368,-50.6494872
21.89,2189,-0.039,0.066,1.015,-0.057295800000000015,0.0,0.0,-176.5856556,-2.26891368,-50.6494872
21.900000000000002,2190,-0.04,0.065,1.016,-0.11459160000000004,0.0,0.0,-176.60284434,-2.2746432600000004,-50.6494872
21.910000000000004,2191,-0.04,0.064,1.014,0.0,0.0,0.0,-176.60284434,-2.2746432600000004,-50.6494872
21.92,2192,-0.040999999999999995,0.065,1.014,0.0,0.057295800000000015,0.0,-176.60284434,-2.2746432600000004,-50.6494872
21.930000000000003,2193,-0.04,0.065,1.013,0.0,0.0,0.0,-176.60284434,-2.2746432600000004,-50.6494872
21.94,2194,-0.04,0.065,1.012,0.0,-0.057295800000000015,0.0,-176.60284434,-2.2746432600000004,-50.6494872
21.950000000000003,2195,-0.040999999999999995,0.066,1.014,0.0,-0.11459160000000004,0.0,-176.60857392,-2.26891368,-50.6494872
21.96,2196,-0.04,0.066,1.015,0.0,-0.057295800000000015,0.0,-176.60857392,-2.26891368,-50.6494872
21.970000000000002,2197,-0.04,0.065,1.016,-0.057295800000000015,-0.1718874,0.0,-176.60857392,-2.2631841,-50.6494872
21.98,2198,-0.04,0.067,1.0170000000000001,-0.1718874,-0.11459160000000004,0.0,-176.60857392,-2.2631841,-50.64375762
21.990000000000002,2199,-0.040999999999999995,0.067,1.015,-0.11459160000000004,-0.057295800000000015,0.0,-176.6143035,-2.2631841,-50.64375762
22.000000000000004,2200,-0.040999999999999995,0.066,1.014,-0.11459160000000004,0.057295800000000015,0.0,-176.60857392,-2.2631841,-50.64375762
22.01,2201,-0.04,0.065,1.014,-0.057295800000000015,0.1718874,0.0,-176.6143035,-2.2631841,-50.64375762
22.020000000000003,2202,-0.040999999999999995,0.065,1.015,-0.11459160000000004,0.1718874,-0.057295800000000015,-176.6143035,-2.26891368,-50.64375762
22.03,2203,-0.040999999999999995,0.065,1.015,-0.11459160000000004,0.0,0.0,-176.6143035,-2.26891368,-50.64375762
22.040000000000003,2204,-0.040999999999999995,0.065,1.015,-0.057295800000000015,-0.057295800000000015,0.0,-176.6143035,-2.26891368,-50.64375762
22.05,2205,-0.04,0.066,1.015,0.057295800000000015,-0.1718874,0.0,-176.6143035,-2.26891368,-50.64375762
22.060000000000002,2206,-0.040999999999999995,0.065,1.016,0.057295800000000015,-0.1718874,0.0,-176.6143035,-2.2631841,-50.64375762
22.07,2207,-0.040999999999999995,0.066,1.015,0.0,-0.1718874,0.0,-176.6143035,-2.2631841,-50.64375762
22.080000000000002,2208,-0.04,0.065,1.015,0.0,-0.057295800000000015,0.0,-176.6143035,-2.2631841,-50.64375762
22.090000000000003,2209,-0.04,0.066,1.015,0.0,0.0,0.0,-176.6143035,-2.2631841,-50.64375762
22.1,2210,-0.04,0.066,1.014,0.0,0.057295800000000015,0.0,-176.60857392,-2.2631841,-50.64375762
22.110000000000003,2211,-0.04,0.066,1.014,0.0,0.057295800000000015,0.0,-176.6143035,-2.2631841,-50.64375762
22.12,2212,-0.040999999999999995,0.066,1.014,0.0,0.0,0.057295800000000015,-176.60857392,-2.2631841,-50.64375762
22.130000000000003,2213,-0.040999999999999995,0.066,1.014,0.0,0.0,0.0,-176.60857392,-2.2631841,-50.64375762
22.14,2214,-0.042,0.066,1.013,-0.057295800000000015,0.0,0.0,-176.6143035,-2.26891368,-50.64375762
22.150000000000002,2215,-0.040999999999999995,0.065,1.015,0.0,-0.057295800000000015,0.0,-176.6143035,-2.26891368,-50.64375762
22.160000000000004,2216,-0.040999999999999995,0.066,1.014,0.0,-0.057295800000000015,0.0,-176.6143035,-2.26891368,-50.64375762
22.17,2217,-0.04,0.066,1.015,0.11459160000000004,-0.1718874,0.057295800000000015,-176.6143035,-2.26891368,-50.64375762
22.180000000000003,2218,-0.042,0.066,1.015,0.11459160000000004,-0.1718874,0.0,-176.60857392,-2.26891368,-50.64375762
22.19,2219,-0.042,0.065,1.015,0.11459160000000004,-0.1718874,0.0,-176.60857392,-2.2631841,-50.64375762
22.200000000000003,2220,-0.04,0.065,1.015,0.11459160000000004,-0.057295800000000015,0.0,-176.6143035,-2.2631841,-50.64375762
22.21,2221,-0.040999999999999995,0.066,1.015,0.1718874,-0.11459160000000004,0.0,-176.60857392,-2.25745452,-50.64375762
22.220000000000002,2222,-0.040999999999999995,0.064,1.016,0.11459160000000004,-0.2291832000000001,0.0,-176.60857392,-2.25745452,-50.64375762
22.23,2223,-0.040999999999999995,0.065,1.016,0.057295800000000015,-0.057295800000000015,0.0,-176.60857392,-2.25745452,-50.64375762
22.240000000000002,2224,-0.04,0.064,1.015,0.057295800000000015,0.057295800000000015,0.0,-176.60857392,-2.25745452,-50.64375762
22.250000000000004,2225,-0.040999999999999995,0.065,1.015,0.057295800000000015,0.11459160000000004,0.0,-176.62003308,-2.2631841,-50.64375762
22.26,2226,-0.040999999999999995,0.065,1.015,0.057295800000000015,0.057295800000000015,0.0,-176.62003308,-2.2631841,-50.64375762
22.270000000000003,2227,-0.040999999999999995,0.064,1.015,0.057295800000000015,0.0,0.0,-176.6143035,-2.2631841,-50.64375762
22.28,2228,-0.04,0.064,1.015,0.0,-0.057295800000000015,0.0,-176.6143035,-2.2631841,-50.64375762
22.290000000000003,2229,-0.04,0.064,1.015,0.0,0.0,0.0,-176.6143035,-2.2631841,-50.64375762
22.3,2230,-0.04,0.063,1.014,0.057295800000000015,-0.11459160000000004,0.0,-176.63149224,-2.2631841,-50.64375762
22.310000000000002,2231,-0.04,0.064,1.013,0.057295800000000015,-0.11459160000000004,0.0,-176.63149224,-2.2631841,-50.64375762
22.32,2232,-0.040999999999999995,0.064,1.014,0.0,0.0,0.0,-176.62576266000005,-2.2631841,-50.64375762
22.330000000000002,2233,-0.040999999999999995,0.064,1.015,0.057295800000000015,-0.11459160000000004,0.0,-176.62576266000005,-2.2631841,-50.64375762
22.340000000000003,2234,-0.040999999999999995,0.065,1.015,0.057295800000000015,-0.057295800000000015,0.057295800000000015,-176.62576266000005,-2.2631841,-50.6494872
22.35,2235,-0.04,0.065,1.016,0.057295800000000015,-0.057295800000000015,0.057295800000000015,-176.62576266000005,-2.25745452,-50.6494872
22.360000000000003,2236,-0.04,0.065,1.0170000000000001,0.11459160000000004,-0.057295800000000015,0.0,-176.62576266000005,-2.25745452,-50.6494872
22.37,2237,-0.040999999999999995,0.066,1.016,0.1718874,0.0,0.0,-176.62576266000005,-2.25745452,-50.6494872
22.380000000000003,2238,-0.04,0.066,1.016,0.057295800000000015,0.0,0.057295800000000015,-176.62576266000005,-2.25745452,-50.6494872
22.39,2239,-0.04,0.067,1.015,0.057295800000000015,0.0,0.0,-176.62003308,-2.25745452,-50.6494872
22.400000000000002,2240,-0.04,0.067,1.014,0.11459160000000004,0.0,0.057295800000000015,-176.6143035,-2.25745452,-50.6494872
22.410000000000004,2241,-0.04,0.067,1.015,0.11459160000000004,0.057295800000000015,0.057295800000000015,-176.6143035,-2.25745452,-50.6494872
22.42,2242,-0.04,0.067,1.014,0.1718874,0.0,0.057295800000000015,-176.6143035,-2.25745452,-50.6494872
22.430000000000003,2243,-0.040999999999999995,0.067,1.013,0.11459160000000004,0.0,0.0,-176.60857392,-2.25745452,-50.6494872
22.44,2244,-0.04,0.066,1.014,0.11459160000000004,0.0,0.0,-176.60857392,-2.25745452,-50.6494872
22.450000000000003,2245,-0.040999999999999995,0.066,1.014,0.1718874,-0.057295800000000015,0.0,-176.60284434,-2.2631841,-50.6494872
22.46,2246,-0.04,0.065,1.014,0.2291832000000001,0.0,0.0,-176.60284434,-2.2631841,-50.6494872
22.470000000000002,2247,-0.040999999999999995,0.066,1.015,0.2291832000000001,0.0,0.0,-176.59711476,-2.2631841,-50.6494872
22.48,2248,-0.040999999999999995,0.067,1.016,0.11459160000000004,-0.057295800000000015,0.0,-176.59711476,-2.2631841,-50.6494872
22.490000000000002,2249,-0.040999999999999995,0.065,1.016,0.1718874,-0.057295800000000015,0.0,-176.59711476,-2.25745452,-50.6494872
22.500000000000004,2250,-0.040999999999999995,0.065,1.016,0.1718874,-0.057295800000000015,0.0,-176.59711476,-2.26891368,-50.6494872
22.51,2251,-0.039,0.066,1.016,0.1718874,0.0,0.0,-176.59711476,-2.26891368,-50.6494872
22.520000000000003,2252,-0.040999999999999995,0.066,1.0170000000000001,0.1718874,0.0,0.0,-176.59711476,-2.26891368,-50.6494872
22.53,2253,-0.040999999999999995,0.066,1.015,0.11459160000000004,0.0,0.0,-176.59138518,-2.26891368,-50.6494872
22.540000000000003,2254,-0.040999999999999995,0.065,1.015,0.0,0.0,0.0,-176.59138518,-2.26891368,-50.6494872
22.55,2255,-0.040999999999999995,0.065,1.015,-0.057295800000000015,-0.057295800000000015,0.0,-176.60284434,-2.2631841,-50.6494872
22.560000000000002,2256,-0.04,0.065,1.014,0.0,-0.11459160000000004,0.0,-176.60284434,-2.2631841,-50.6494872
22.57,2257,-0.040999999999999995,0.065,1.015,0.0,0.0,0.0,-176.60284434,-2.2631841,-50.6494872
22.580000000000002,2258,-0.04,0.066,1.014,-0.057295800000000015,0.0,0.0,-176.60284434,-2.2631841,-50.6494872
22.590000000000003,2259,-0.04,0.064,1.014,-0.057295800000000015,0.0,0.0,-176.60284434,-2.2631841,-50.6494872
22.6,2260,-0.04,0.064,1.013,0.0,-0.057295800000000015,0.0,-176.60857392,-2.25172494,-50.6494872
22.610000000000003,2261,-0.04,0.064,1.015,0.057295800000000015,0.0,0.0,-176.60857392,-2.25172494,-50.6494872
22.62,2262,-0.04,0.065,1.013,0.0,0.0,0.0,-176.60857392,-2.25172494,-50.6494872
22.630000000000003,2263,-0.04,0.064,1.013,0.0,0.0,0.0,-176.60857392,-2.25172494,-50.6494872
22.64,2264,-0.040999999999999995,0.065,1.014,0.057295800000000015,-0.057295800000000015,0.0,-176.60857392,-2.25172494,-50.6494872
22.650000000000002,2265,-0.040999999999999995,0.065,1.016,0.0,-0.057295800000000015,0.0,-176.60284434,-2.25745452,-50.6494872
22.660000000000004,2266,-0.04,0.066,1.016,0.0,-0.11459160000000004,0.0,-176.60284434,-2.25172494,-50.64375762
22.67,2267,-0.039,0.068,1.018,-0.11459160000000004,-0.1718874,0.0,-176.60857392,-2.25172494,-50.64375762
22.680000000000003,2268,-0.040999999999999995,0.068,1.016,0.0,-0.1718874,0.0,-176.60857392,-2.25172494,-50.64375762
22.69,2269,-0.04,0.066,1.015,-0.11459160000000004,0.0,0.0,-176.60857392,-2.25172494,-50.64375762
22.700000000000003,2270,-0.04,0.066,1.015,-0.11459160000000004,0.11459160000000004,-0.057295800000000015,-176.6143035,-2.25172494,-50.64375762
22.71,2271,-0.039,0.066,1.015,-0.11459160000000004,0.11459160000000004,-0.057295800000000015,-176.6143035,-2.25745452,-50.64375762
22.720000000000002,2272,-0.039,0.066,1.015,-0.1718874,0.1718874,0.0,-176.6143035,-2.25745452,-50.64375762
22.73,2273,-0.04,0.065,1.0170000000000001,-0.057295800000000015,0.057295800000000015,0.0,-176.6143035,-2.25745452,-50.64375762
22.740000000000002,2274,-0.04,0.066,1.016,0.0,-0.11459160000000004,0.0,-176.6143035,-2.25745452,-50.64375762
22.750000000000004,2275,-0.04,0.066,1.015,0.057295800000000015,-0.1718874,0.0,-176.60857392,-2.25172494,-50.64375762
22.76,2276,-0.04,0.066,1.015,0.1718874,-0.11459160000000004,0.0,-176.60857392,-2.24599536,-50.64375762
22.770000000000003,2277,-0.04,0.067,1.015,0.057295800000000015,-0.1718874,0.0,-176.60857392,-2.24599536,-50.64375762
22.78,2278,-0.040999999999999995,0.067,1.014,-0.057295800000000015,-0.057295800000000015,0.0,-176.60857392,-2.24599536,-50.64375762
22.790000000000003,2279,-0.04,0.067,1.015,-0.057295800000000015,-0.057295800000000015,-0.057295800000000015,-176.60857392,-2.24599536,-50.64375762
22.8,2280,-0.04,0.066,1.014,0.0,0.0,0.0,-176.59138518,-2.24026578,-50.64375762
22.810000000000002,2281,-0.04,0.067,1.014,0.0,-0.057295800000000015,0.0,-176.59138518,-2.24026578,-50.64375762
22.82,2282,-0.04,0.068,1.015,-0.057295800000000015,0.057295800000000015,-0.057295800000000015,-176.59138518,-2.24026578,-50.64375762
22.830000000000002,2283,-0.04,0.066,1.015,-0.1718874,0.057295800000000015,0.0,-176.59711476,-2.24026578,-50.64375762
22.840000000000003,2284,-0.039,0.067,1.013,-0.057295800000000015,0.0,0.0,-176.59711476,-2.24026578,-50.64375762
22.85,2285,-0.04,0.066,1.014,0.0,-0.057295800000000015,0.0,-176.59138518,-2.24026578,-50.64375762
22.860000000000003,2286,-0.04,0.066,1.014,0.057295800000000015,-0.057295800000000015,-0.057295800000000015,-176.59138518,-2.24026578,-50.64375762
22.87,2287,-0.04,0.067,1.015,0.057295800000000015,-0.1718874,0.0,-176.5856556,-2.24026578,-50.64375762
22.880000000000003,2288,-0.04,0.067,1.016,0.057295800000000015,-0.057295800000000015,-0.057295800000000015,-176.5856556,-2.24026578,-50.64375762
22.89,2289,-0.039,0.066,1.016,0.11459160000000004,-0.057295800000000015,0.0,-176.5856556,-2.24026578,-50.64375762
22.900000000000002,2290,-0.039,0.066,1.015,0.057295800000000015,-0.11459160000000004,0.0,-176.5856556,-2.22880662,-50.64375762
22.910000000000004,2291,-0.039,0.066,1.016,0.057295800000000015,-0.1718874,0.0,-176.57992602,-2.22880662,-50.64375762
22.92,2292,-0.04,0.066,1.016,0.057295800000000015,0.0,0.0,-176.57992602,-2.22880662,-50.64375762
22.930000000000003,2293,-0.039,0.065,1.014,0.057295800000000015,0.0,0.057295800000000015,-176.57992602,-2.22880662,-50.64375762
22.94,2294,-0.039,0.066,1.015,0.0,0.2291832000000001,0.0,-176.57992602,-2.22880662,-50.64375762
22.950000000000003,2295,-0.039,0.066,1.014,-0.057295800000000015,0.1718874,0.0,-176.5856556,-2.2345362,-50.64375762
22.96,2296,-0.04,0.065,1.015,-0.11459160000000004,0.1718874,0.0,-176.5856556,-2.2345362,-50.64375762
22.970000000000002,2297,-0.04,0.065,1.016,-0.057295800000000015,0.11459160000000004,0.057295800000000015,-176.5856556,-2.2345362,-50.64375762
22.98,2298,-0.04,0.065,1.014,0.0,0.057295800000000015,0.0,-176.59138518,-2.2345362,-50.64375762
22.990000000000002,2299,-0.04,0.066,1.015,-0.057295800000000015,0.11459160000000004,0.0,-176.59138518,-2.2345362,-50.64375762
23.000000000000004,2300,-0.04,0.066,1.013,-0.057295800000000015,0.11459160000000004,0.057295800000000015,-176.5856556,-2.24026578,-50.64375762
23.01,2301,-0.04,0.066,1.014,0.0,0.0,0.057295800000000015,-176.5856556,-2.24026578,-50.64375762
23.020000000000003,2302,-0.04,0.066,1.014,0.0,0.11459160000000004,0.0,-176.5856556,-2.24026578,-50.64375762
23.03,2303,-0.039,0.067,1.015,0.0,0.057295800000000015,0.057295800000000015,-176.5856556,-2.24026578,-50.6494872
23.040000000000003,2304,-0.039,0.067,1.016,0.0,0.057295800000000015,0.057295800000000015,-176.5856556,-2.24599536,-50.6494872
23.05,2305,-0.04,0.068,1.016,0.0,0.11459160000000004,0.0,-176.57419644,-2.24026578,-50.6494872
23.060000000000002,2306,-0.040999999999999995,0.067,1.016,0.0,0.1718874,0.0,-176.57419644,-2.24599536,-50.6494872
23.07,2307,-0.04,0.068,1.014,-0.057295800000000015,0.2291832000000001,0.0,-176.57992602,-2.24599536,-50.6494872
23.080000000000002,2308,-0.040999999999999995,0.067,1.014,-0.11459160000000004,0.2291832000000001,0.0,-176.57992602,-2.24599536,-50.6494872
23.090000000000003,2309,-0.04,0.067,1.014,-0.057295800000000015,0.057295800000000015,0.057295800000000015,-176.57992602,-2.24599536,-50.6494872
23.1,2310,-0.04,0.067,1.014,-0.057295800000000015,0.11459160000000004,0.0,-176.57419644,-2.25172494,-50.6494872
23.110000000000003,2311,-0.039,0.068,1.014,0.0,0.057295800000000015,0.0,-176.57419644,-2.25172494,-50.6494872
23.12,2312,-0.04,0.068,1.015,0.0,0.11459160000000004,0.0,-176.57419644,-2.25172494,-50.6494872
23.130000000000003,2313,-0.04,0.068,1.014,0.0,0.11459160000000004,0.0,-176.57419644,-2.25172494,-50.6494872
23.14,2314,-0.04,0.067,1.014,0.057295800000000015,0.057295800000000015,0.0,-176.57419644,-2.25172494,-50.6494872
23.150000000000002,2315,-0.039,0.068,1.014,0.0,0.0,0.0,-176.56846686,-2.25172494,-50.6494872
23.160000000000004,2316,-0.039,0.067,1.015,0.057295800000000015,-0.057295800000000015,0.0,-176.56273728,-2.25172494,-50.6494872
23.17,2317,-0.04,0.067,1.015,0.057295800000000015,0.0,0.057295800000000015,-176.56273728,-2.25172494,-50.65521678
23.180000000000003,2318,-0.04,0.067,1.016,0.057295800000000015,-0.057295800000000015,0.0,-176.56273728,-2.25172494,-50.65521678
23.19,2319,-0.04,0.066,1.015,0.057295800000000015,-0.1718874,0.0,-176.56273728,-2.24599536,-50.65521678
23.200000000000003,2320,-0.04,0.066,1.016,0.057295800000000015,-0.11459160000000004,0.0,-176.56846686,-2.24599536,-50.6494872
23.21,2321,-0.04,0.066,1.015,0.0,-0.11459160000000004,0.0,-176.56846686,-2.24599536,-50.65521678
23.220000000000002,2322,-0.04,0.066,1.0170000000000001,0.0,0.0,0.0,-176.56846686,-2.24599536,-50.65521678
23.23,2323,-0.04,0.066,1.016,-0.057295800000000015,0.057295800000000015,0.0,-176.56846686,-2.24599536,-50.65521678
23.240000000000002,2324,-0.04,0.067,1.014,-0.057295800000000015,0.0,0.0,-176.56846686,-2.24599536,-50.65521678
23.250000000000004,2325,-0.04,0.066,1.016,0.0,0.0,0.0,-176.57419644,-2.25172494,-50.6494872
23.26,2326,-0.039,0.067,1.014,0.0,-0.057295800000000015,0.0,-176.57419644,-2.25172494,-50.6494872
23.270000000000003,2327,-0.040999999999999995,0.066,1.015,0.0,-0.057295800000000015,0.0,-176.57419644,-2.24599536,-50.6494872
23.28,2328,-0.039,0.066,1.015,0.0,0.0,-0.057295800000000015,-176.57419644,-2.24599536,-50.6494872
23.290000000000003,2329,-0.039,0.066,1.016,0.0,0.0,0.0,-176.57419644,-2.25172494,-50.6494872
23.3,2330,-0.04,0.067,1.015,0.0,0.0,0.0,-176.57419644,-2.24026578,-50.6494872
23.310000000000002,2331,-0.04,0.066,1.015,0.0,0.0,0.0,-176.57419644,-2.24026578,-50.6494872
23.32,2332,-0.039,0.067,1.016,0.0,0.057295800000000015,0.0,-176.57419644,-2.24599536,-50.6494872
23.330000000000002,2333,-0.039,0.066,1.014,0.0,0.11459160000000004,0.0,-176.57419644,-2.24599536,-50.6494872
23.340000000000003,2334,-0.04,0.065,1.012,0.0,0.0,0.0,-176.57419644,-2.24599536,-50.6494872
23.35,2335,-0.04,0.066,1.016,0.0,-0.11459160000000004,0.0,-176.57419644,-2.24599536,-50.6494872
23.360000000000003,2336,-0.04,0.068,1.015,0.0,0.0,0.0,-176.57419644,-2.24599536,-50.6494872
23.37,2337,-0.039,0.068,1.016,0.0,0.0,0.0,-176.57419644,-2.24599536,-50.6494872
23.380000000000003,2338,-0.04,0.07,1.018,-0.2291832000000001,-0.1718874,0.0,-176.57992602,-2.24026578,-50.6494872
23.39,2339,-0.04,0.069,1.0170000000000001,-0.286479,-0.1718874,-0.057295800000000015,-176.57992602,-2.24026578,-50.6494872
23.400000000000002,2340,-0.04,0.068,1.015,-0.2291832000000001,0.0,0.0,-176.57992602,-2.24026578,-50.6494872
23.410000000000004,2341,-0.039,0.066,1.014,-0.1718874,0.2291832000000001,-0.057295800000000015,-176.5856556,-2.24026578,-50.6494872
23.42,2342,-0.039,0.067,1.016,-0.1718874,0.3437748,-0.057295800000000015,-176.5856556,-2.24599536,-50.6494872
23.430000000000003,2343,-0.04,0.066,1.0170000000000001,-0.11459160000000004,0.2291832000000001,0.0,-176.5856556,-2.24599536,-50.6494872
23.44,2344,-0.04,0.066,1.016,-0.057295800000000015,0.1718874,0.0,-176.5856556,-2.25172494,-50.6494872
23.450000000000003,2345,-0.040999999999999995,0.067,1.015,0.057295800000000015,0.0,0.0,-176.57992602,-2.24599536,-50.6494872
23.46,2346,-0.039,0.066,1.015,0.057295800000000015,0.0,0.0,-176.57992602,-2.24599536,-50.6494872
23.470000000000002,2347,-0.040999999999999995,0.068,1.015,0.0,-0.057295800000000015,0.0,-176.57992602,-2.24599536,-50.6494872
23.48,2348,-0.04,0.066,1.015,-0.1718874,0.0,-0.057295800000000015,-176.57992602,-2.24599536,-50.64375762
23.490000000000002,2349,-0.04,0.067,1.013,-0.11459160000000004,0.0,0.0,-176.57992602,-2.24599536,-50.64375762
23.500000000000004,2350,-0.04,0.067,1.014,-0.057295800000000015,0.0,-0.057295800000000015,-176.57992602,-2.24026578,-50.64375762
23.51,2351,-0.04,0.068,1.014,0.0,0.0,0.0,-176.57992602,-2.24026578,-50.64375762
23.520000000000003,2352,-0.04,0.068,1.015,-0.11459160000000004,0.0,-0.057295800000000015,-176.5856556,-2.24026578,-50.64375762
23.53,2353,-0.04,0.068,1.015,-0.1718874,0.057295800000000015,-0.057295800000000015,-176.5856556,-2.24026578,-50.64375762
23.540000000000003,2354,-0.04,0.067,1.015,-0.2291832000000001,0.0,0.0,-176.5856556,-2.24026578,-50.64375762
23.55,2355,-0.040999999999999995,0.067,1.014,-0.1718874,0.0,-0.057295800000000015,-176.5856556,-2.24599536,-50.64375762
23.560000000000002,2356,-0.04,0.067,1.015,-0.057295800000000015,0.0,0.0,-176.59138518,-2.24599536,-50.64375762
23.57,2357,-0.04,0.067,1.016,0.0,-0.1718874,0.0,-176.59138518,-2.24599536,-50.64375762
23.580000000000002,2358,-0.04,0.067,1.016,0.0,-0.2291832000000001,0.0,-176.59138518,-2.24599536,-50.64375762
23.590000000000003,2359,-0.039,0.067,1.016,0.0,-0.2291832000000001,0.0,-176.59138518,-2.24026578,-50.64375762
23.6,2360,-0.039,0.066,1.015,0.0,-0.057295800000000015,0.0,-176.59138518,-2.2345362,-50.64375762
23.610000000000003,2361,-0.04,0.066,1.016,0.0,-0.1718874,0.0,-176.59138518,-2.2345362,-50.64375762
23.62,2362,-0.04,0.067,1.015,0.0,-0.286479,0.0,-176.59138518,-2.22880662,-50.64375762
23.630000000000003,2363,-0.039,0.067,1.015,0.0,-0.2291832000000001,0.0,-176.59138518,-2.22880662,-50.64375762
23.64,2364,-0.04,0.066,1.014,-0.057295800000000015,-0.057295800000000015,0.0,-176.59138518,-2.22880662,-50.64375762
23.650000000000002,2365,-0.039,0.066,1.015,-0.11459160000000004,0.11459160000000004,-0.057295800000000015,-176.59138518,-2.22880662,-50.63802804
23.660000000000004,2366,-0.04,0.066,1.015,-0.057295800000000015,0.1718874,0.0,-176.59138518,-2.22880662,-50.64375762
23.67,2367,-0.039,0.066,1.015,-0.11459160000000004,0.057295800000000015,0.0,-176.59138518,-2.2345362,-50.64375762
23.680000000000003,2368,-0.04,0.066,1.014,-0.057295800000000015,0.057295800000000015,0.0,-176.59711476,-2.2345362,-50.64375762
23.69,2369,-0.04,0.066,1.015,0.0,0.057295800000000015,0.0,-176.59711476,-2.2345362,-50.64375762
23.700000000000003,2370,-0.039,0.066,1.015,-0.057295800000000015,0.0,0.0,-176.59138518,-2.22880662,-50.64375762
23.71,2371,-0.04,0.066,1.015,0.0,0.057295800000000015,0.0,-176.59138518,-2.22880662,-50.64375762
23.720000000000002,2372,-0.039,0.066,1.016,0.0,0.0,0.0,-176.59138518,-2.22880662,-50.64375762
23.73,2373,-0.039,0.065,1.016,0.0,0.0,0.0,-176.59138518,-2.22880662,-50.64375762
23.740000000000002,2374,-0.04,0.067,1.016,0.057295800000000015,0.057295800000000015,0.057295800000000015,-176.59138518,-2.22880662,-50.64375762
23.750000000000004,2375,-0.04,0.066,1.016,0.0,0.0,0.0,-176.59138518,-2.22880662,-50.64375762
23.76,2376,-0.04,0.068,1.0170000000000001,0.0,0.057295800000000015,0.0,-176.59138518,-2.22880662,-50.64375762
23.770000000000003,2377,-0.04,0.067,1.016,0.0,0.11459160000000004,0.0,-176.59138518,-2.22880662,-50.64375762
23.78,2378,-0.04,0.068,1.015,-0.057295800000000015,0.2291832000000001,0.0,-176.59138518,-2.2345362,-50.64375762
23.790000000000003,2379,-0.04,0.067,1.014,-0.057295800000000015,0.2291832000000001,0.0,-176.59711476,-2.2345362,-50.64375762
23.8,2380,-0.039,0.068,1.015,-0.057295800000000015,0.2291832000000001,0.0,-176.59138518,-2.2345362,-50.64375762
23.810000000000002,2381,-0.04,0.067,1.014,0.0,0.1718874,0.057295800000000015,-176.59138518,-2.2345362,-50.64375762
23.82,2382,-0.04,0.067,1.014,0.0,0.11459160000000004,0.0,-176.59138518,-2.24026578,-50.64375762
23.830000000000002,2383,-0.04,0.067,1.015,0.0,0.11459160000000004,0.0,-176.59138518,-2.24026578,-50.64375762
23.840000000000003,2384,-0.04,0.068,1.015,0.057295800000000015,0.1718874,0.0,-176.59138518,-2.24026578,-50.64375762
23.85,2385,-0.04,0.067,1.014,0.11459160000000004,0.11459160000000004,0.0,-176.57992602,-2.24599536,-50.6494872
23.860000000000003,2386,-0.04,0.066,1.015,0.057295800000000015,0.057295800000000015,0.0,-176.57992602,-2.24599536,-50.6494872
23.87,2387,-0.040999999999999995,0.066,1.015,0.11459160000000004,0.0,0.0,-176.57992602,-2.24599536,-50.6494872
23.880000000000003,2388,-0.04,0.066,1.016,0.1718874,0.0,0.0,-176.57992602,-2.24599536,-50.6494872
23.89,2389,-0.039,0.066,1.015,0.057295800000000015,0.0,0.0,-176.57419644,-2.24599536,-50.6494872
23.900000000000002,2390,-0.04,0.067,1.016,0.0,0.057295800000000015,0.0,-176.57419644,-2.24599536,-50.6494872
23.910000000000004,2391,-0.04,0.066,1.016,0.057295800000000015,0.0,0.0,-176.57419644,-2.24599536,-50.6494872
23.92,2392,-0.040999999999999995,0.067,1.016,0.0,-0.057295800000000015,0.0,-176.57419644,-2.24599536,-50.6494872
23.930000000000003,2393,-0.04,0.066,1.015,0.0,0.0,0.0,-176.57419644,-2.24599536,-50.6494872
23.94,2394,-0.04,0.066,1.015,0.0,-0.057295800000000015,0.0,-176.57419644,-2.24599536,-50.6494872
23.950000000000003,2395,-0.04,0.067,1.015,-0.057295800000000015,0.057295800000000015,0.0,-176.57419644,-2.24026578,-50.6494872
23.96,2396,-0.04,0.066,1.015,-0.057295800000000015,0.0,0.057295800000000015,-176.57419644,-2.24026578,-50.6494872
23.970000000000002,2397,-0.039,0.065,1.014,0.057295800000000015,-0.11459160000000004,0.0,-176.57419644,-2.24026578,-50.6494872
23.98,2398,-0.04,0.066,1.014,0.0,-0.057295800000000015,0.0,-176.57419644,-2.24026578,-50.6494872
23.990000000000002,2399,-0.04,0.066,1.015,0.057295800000000015,-0.11459160000000004,0.0,-176.56846686,-2.2345362,-50.6494872
24.000000000000004,2400,-0.04,0.067,1.015,0.057295800000000015,-0.11459160000000004,0.0,-176.56846686,-2.24026578,-50.6494872
24.01,2401,-0.04,0.067,1.015,0.0,-0.057295800000000015,0.0,-176.56846686,-2.24026578,-50.6494872
24.020000000000003,2402,-0.04,0.066,1.016,-0.057295800000000015,-0.11459160000000004,0.0,-176.56846686,-2.24026578,-50.6494872
24.03,2403,-0.039,0.066,1.016,0.0,0.0,0.0,-176.56846686,-2.24026578,-50.6494872
24.040000000000003,2404,-0.04,0.066,1.015,0.0,0.0,0.0,-176.56846686,-2.24026578,-50.6494872
24.05,2405,-0.04,0.066,1.015,0.0,0.0,0.0,-176.57419644,-2.2345362,-50.6494872
24.060000000000002,2406,-0.04,0.066,1.014,0.0,0.057295800000000015,0.0,-176.57419644,-2.2345362,-50.6494872
24.070000000000004,2407,-0.04,0.066,1.014,0.0,0.0,0.0,-176.57419644,-2.2345362,-50.6494872
24.080000000000002,2408,-0.040999999999999995,0.066,1.016,0.0,0.0,0.0,-176.57419644,-2.2345362,-50.6494872
24.090000000000003,2409,-0.039,0.067,1.016,-0.057295800000000015,0.0,0.0,-176.57419644,-2.2345362,-50.6494872
24.1,2410,-0.039,0.068,1.018,-0.057295800000000015,-0.11459160000000004,0.0,-176.56846686,-2.22880662,-50.6494872
24.110000000000003,2411,-0.039,0.068,1.0170000000000001,-0.11459160000000004,-0.057295800000000015,0.0,-176.56846686,-2.22880662,-50.6494872
24.12,2412,-0.039,0.067,1.014,-0.1718874,0.057295800000000015,0.0,-176.57419644,-2.22880662,-50.6494872
24.130000000000003,2413,-0.039,0.066,1.013,-0.057295800000000015,0.11459160000000004,-0.057295800000000015,-176.57419644,-2.22880662,-50.6494872
24.14,2414,-0.04,0.064,1.014,0.0,0.2291832000000001,0.0,-176.57419644,-2.2345362,-50.6494872
24.150000000000002,2415,-0.04,0.064,1.015,-0.11459160000000004,0.1718874,-0.057295800000000015,-176.5856556,-2.24026578,-50.6494872
24.160000000000004,2416,-0.04,0.065,1.0170000000000001,-0.057295800000000015,0.0,0.0,-176.59138518,-2.24026578,-50.6494872
24.17,2417,-0.04,0.065,1.0170000000000001,0.0,-0.057295800000000015,0.0,-176.59138518,-2.24026578,-50.6494872
24.180000000000003,2418,-0.04,0.066,1.016,0.0,-0.057295800000000015,0.0,-176.5856556,-2.24026578,-50.6494872
24.19,2419,-0.039,0.066,1.015,0.0,-0.057295800000000015,0.0,-176.5856556,-2.2345362,-50.6494872
24.200000000000003,2420,-0.04,0.065,1.015,-0.057295800000000015,0.0,0.0,-176.59711476,-2.2345362,-50.6494872
24.21,2421,-0.04,0.067,1.014,-0.057295800000000015,0.057295800000000015,-0.057295800000000015,-176.59711476,-2.2345362,-50.64375762
24.220000000000002,2422,-0.04,0.066,1.015,-0.057295800000000015,0.11459160000000004,0.0,-176.60284434,-2.2345362,-50.64375762
24.23,2423,-0.039,0.067,1.016,0.0,0.0,-0.057295800000000015,-176.60284434,-2.2345362,-50.64375762
24.240000000000002,2424,-0.039,0.067,1.015,0.0,0.11459160000000004,-0.057295800000000015,-176.60284434,-2.2345362,-50.64375762
24.250000000000004,2425,-0.040999999999999995,0.066,1.015,0.0,0.057295800000000015,0.0,-176.60284434,-2.24599536,-50.64375762
24.26,2426,-0.040999999999999995,0.066,1.014,-0.057295800000000015,0.057295800000000015,0.0,-176.60284434,-2.24599536,-50.64375762
24.270000000000003,2427,-0.04,0.066,1.013,-0.11459160000000004,0.0,0.0,-176.60857392,-2.24599536,-50.64375762
24.28,2428,-0.040999999999999995,0.066,1.013,-0.057295800000000015,0.0,0.0,-176.60857392,-2.24599536,-50.64375762
24.290000000000003,2429,-0.040999999999999995,0.065,1.015,0.0,-0.1718874,-0.057295800000000015,-176.60857392,-2.24599536,-50.64375762
24.3,2430,-0.04,0.067,1.015,0.057295800000000015,-0.057295800000000015,-0.057295800000000015,-176.60857392,-2.24599536,-50.64375762
24.310000000000002,2431,-0.040999999999999995,0.066,1.016,0.1718874,-0.057295800000000015,0.0,-176.60857392,-2.24599536,-50.64375762
24.320000000000004,2432,-0.04,0.067,1.0170000000000001,0.11459160000000004,-0.057295800000000015,0.0,-176.60857392,-2.24599536,-50.64375762
24.330000000000002,2433,-0.04,0.065,1.015,0.057295800000000015,-0.057295800000000015,-0.057295800000000015,-176.60857392,-2.24599536,-50.63802804
24.340000000000003,2434,-0.040999999999999995,0.066,1.015,0.057295800000000015,-0.1718874,0.0,-176.60857392,-2.24026578,-50.63802804
24.35,2435,-0.039,0.066,1.015,0.0,-0.1718874,0.0,-176.60284434,-2.24026578,-50.63802804
24.360000000000003,2436,-0.040999999999999995,0.066,1.015,0.0,-0.057295800000000015,0.0,-176.60284434,-2.24026578,-50.63802804
24.37,2437,-0.04,0.066,1.015,0.0,0.0,0.0,-176.60284434,-2.24026578,-50.63802804
24.380000000000003,2438,-0.04,0.066,1.014,-0.057295800000000015,0.057295800000000015,-0.057295800000000015,-176.60284434,-2.24026578,-50.63802804
24.39,2439,-0.04,0.065,1.016,0.0,0.057295800000000015,0.0,-176.60284434,-2.24026578,-50.63802804
24.400000000000002,2440,-0.04,0.066,1.014,0.0,0.0,0.0,-176.60284434,-2.24026578,-50.63802804
24.410000000000004,2441,-0.040999999999999995,0.065,1.015,-0.057295800000000015,0.0,0.0,-176.60284434,-2.24026578,-50.63802804
24.42,2442,-0.040999999999999995,0.065,1.015,0.0,0.0,0.0,-176.60284434,-2.24026578,-50.63802804
24.430000000000003,2443,-0.04,0.065,1.014,0.0,0.0,0.0,-176.60284434,-2.24026578,-50.63802804
24.44,2444,-0.042,0.065,1.015,0.0,0.0,0.0,-176.60284434,-2.24026578,-50.63802804
24.450000000000003,2445,-0.039,0.065,1.015,0.0,-0.057295800000000015,0.0,-176.60857392,-2.24599536,-50.63802804
24.46,2446,-0.04,0.065,1.014,0.0,-0.11459160000000004,0.0,-176.60857392,-2.24026578,-50.63802804
24.470000000000002,2447,-0.04,0.066,1.015,0.0,0.0,0.0,-176.60857392,-2.24026578,-50.63802804
24.48,2448,-0.04,0.066,1.016,0.0,0.057295800000000015,0.057295800000000015,-176.60857392,-2.24026578,-50.63802804
24.490000000000002,2449,-0.04,0.066,1.016,0.0,0.1718874,0.0,-176.60857392,-2.24599536,-50.64375762
24.500000000000004,2450,-0.040999999999999995,0.066,1.016,0.0,0.11459160000000004,0.0,-176.60284434,-2.24599536,-50.64375762
24.51,2451,-0.04,0.065,1.015,0.0,0.1718874,0.0,-176.60284434,-2.24599536,-50.64375762
24.520000000000003,2452,-0.040999999999999995,0.067,1.012,0.0,0.2291832000000001,0.057295800000000015,-176.60284434,-2.25172494,-50.64375762
24.53,2453,-0.04,0.067,1.015,0.057295800000000015,0.11459160000000004,0.057295800000000015,-176.60284434,-2.25172494,-50.64375762
24.540000000000003,2454,-0.040999999999999995,0.068,1.014,0.0,0.057295800000000015,0.057295800000000015,-176.60284434,-2.25172494,-50.64375762
24.55,2455,-0.04,0.066,1.014,0.057295800000000015,0.057295800000000015,0.057295800000000015,-176.60284434,-2.25745452,-50.64375762
24.560000000000002,2456,-0.040999999999999995,0.066,1.014,0.057295800000000015,0.0,0.0,-176.60284434,-2.25745452,-50.64375762
24.570000000000004,2457,-0.040999999999999995,0.065,1.014,0.11459160000000004,0.0,0.0,-176.60284434,-2.25745452,-50.64375762
24.580000000000002,2458,-0.04,0.065,1.014,0.11459160000000004,0.0,0.057295800000000015,-176.59711476,-2.25745452,-50.6494872
24.590000000000003,2459,-0.04,0.065,1.013,0.11459160000000004,-0.057295800000000015,0.0,-176.59711476,-2.25745452,-50.6494872
24.6,2460,-0.04,0.065,1.015,0.11459160000000004,-0.11459160000000004,0.0,-176.60284434,-2.25172494,-50.64375762
24.610000000000003,2461,-0.040999999999999995,0.066,1.015,0.11459160000000004,-0.11459160000000004,0.0,-176.59711476,-2.25172494,-50.6494872
24.62,2462,-0.040999999999999995,0.066,1.016,0.11459160000000004,-0.11459160000000004,0.0,-176.59711476,-2.25172494,-50.6494872
24.630000000000003,2463,-0.04,0.066,1.016,0.1718874,-0.1718874,0.0,-176.59711476,-2.24599536,-50.6494872
24.64,2464,-0.040999999999999995,0.065,1.0170000000000001,0.11459160000000004,-0.11459160000000004,0.057295800000000015,-176.59138518,-2.24599536,-50.6494872
24.650000000000002,2465,-0.04,0.065,1.0170000000000001,0.11459160000000004,-0.11459160000000004,0.0,-176.59711476,-2.24026578,-50.6494872
24.660000000000004,2466,-0.04,0.067,1.016,0.057295800000000015,-0.1718874,0.0,-176.59711476,-2.24026578,-50.6494872
24.67,2467,-0.040999999999999995,0.065,1.016,0.057295800000000015,-0.11459160000000004,0.057295800000000015,-176.59138518,-2.24026578,-50.6494872
24.680000000000003,2468,-0.040999999999999995,0.065,1.014,0.057295800000000015,-0.1718874,0.057295800000000015,-176.59138518,-2.2345362,-50.6494872
24.69,2469,-0.04,0.065,1.015,0.057295800000000015,-0.057295800000000015,0.0,-176.59138518,-2.2345362,-50.6494872
24.700000000000003,2470,-0.04,0.065,1.014,0.057295800000000015,0.0,0.0,-176.59138518,-2.2345362,-50.6494872
24.71,2471,-0.039,0.065,1.014,0.11459160000000004,0.0,0.0,-176.5856556,-2.2345362,-50.6494872
24.720000000000002,2472,-0.04,0.066,1.014,0.1718874,-0.11459160000000004,0.0,-176.5856556,-2.2345362,-50.6494872
24.73,2473,-0.040999999999999995,0.066,1.015,0.1718874,-0.1718874,0.0,-176.5856556,-2.22880662,-50.6494872
24.740000000000002,2474,-0.04,0.066,1.015,0.11459160000000004,-0.1718874,0.0,-176.57992602,-2.22880662,-50.6494872
24.750000000000004,2475,-0.04,0.066,1.016,0.1718874,-0.11459160000000004,0.057295800000000015,-176.57992602,-2.22880662,-50.6494872
24.76,2476,-0.04,0.066,1.015,0.1718874,0.0,0.0,-176.57992602,-2.22880662,-50.6494872
24.770000000000003,2477,-0.04,0.066,1.015,0.1718874,0.0,0.0,-176.57419644,-2.22880662,-50.6494872
24.78,2478,-0.04,0.066,1.015,0.1718874,-0.057295800000000015,0.057295800000000015,-176.57419644,-2.22880662,-50.6494872
24.790000000000003,2479,-0.039,0.066,1.016,0.0,0.0,0.0,-176.57419644,-2.22880662,-50.6494872
24.8,2480,-0.04,0.065,1.014,0.0,0.057295800000000015,0.0,-176.59138518,-2.21734746,-50.6494872
24.810000000000002,2481,-0.04,0.066,1.012,0.057295800000000015,-0.057295800000000015,0.057295800000000015,-176.59138518,-2.21734746,-50.6494872
24.820000000000004,2482,-0.040999999999999995,0.066,1.014,0.057295800000000015,-0.057295800000000015,0.0,-176.5856556,-2.21734746,-50.6494872
24.830000000000002,2483,-0.040999999999999995,0.066,1.015,0.057295800000000015,-0.11459160000000004,0.0,-176.5856556,-2.21734746,-50.6494872
24.840000000000003,2484,-0.04,0.067,1.016,0.0,-0.2291832000000001,0.0,-176.5856556,-2.21161788,-50.6494872
24.85,2485,-0.04,0.067,1.018,0.0,-0.11459160000000004,0.0,-176.5856556,-2.21161788,-50.6494872
24.860000000000003,2486,-0.039,0.068,1.016,0.0,-0.11459160000000004,0.0,-176.5856556,-2.21161788,-50.6494872
24.87,2487,-0.039,0.066,1.016,0.057295800000000015,0.057295800000000015,0.0,-176.5856556,-2.21161788,-50.6494872
24.880000000000003,2488,-0.04,0.066,1.015,0.0,0.1718874,-0.057295800000000015,-176.5856556,-2.21734746,-50.6494872
24.89,2489,-0.04,0.065,1.015,0.0,0.1718874,0.0,-176.5856556,-2.21734746,-50.6494872
24.900000000000002,2490,-0.04,0.065,1.016,-0.057295800000000015,0.11459160000000004,0.0,-176.59138518,-2.22307704,-50.6494872
24.910000000000004,2491,-0.04,0.067,1.015,-0.057295800000000015,0.057295800000000015,0.0,-176.59138518,-2.22307704,-50.6494872
24.92,2492,-0.04,0.066,1.016,0.0,-0.1718874,0.0,-176.59138518,-2.22307704,-50.64375762
24.930000000000003,2493,-0.04,0.066,1.016,0.11459160000000004,-0.11459160000000004,0.0,-176.59138518,-2.21734746,-50.64375762
24.94,2494,-0.039,0.066,1.016,0.057295800000000015,-0.11459160000000004,0.0,-176.59138518,-2.21734746,-50.64375762
24.950000000000003,2495,-0.040999999999999995,0.066,1.014,0.0,-0.11459160000000004,0.0,-176.59711476,-2.22307704,-50.64375762
24.96,2496,-0.039,0.067,1.014,-0.057295800000000015,0.057295800000000015,-0.057295800000000015,-176.59711476,-2.22307704,-50.64375762
24.970000000000002,2497,-0.04,0.067,1.013,0.0,0.0,0.0,-176.59711476,-2.22307704,-50.64375762
24.98,2498,-0.04,0.067,1.014,0.0,0.0,0.0,-176.59711476,-2.22307704,-50.64375762
24.990000000000002,2499,-0.04,0.069,1.014,0.0,0.0,0.0,-176.59711476,-2.22307704,-50.64375762
25.000000000000004,2500,-0.04,0.068,1.014,0.0,0.0,0.0,-176.57992602,-2.22880662,-50.64375762
25.01,2501,-0.04,0.068,1.012,-0.11459160000000004,0.11459160000000004,-0.057295800000000015,-176.57992602,-2.22880662,-50.64375762
25.020000000000003,2502,-0.04,0.067,1.013,-0.057295800000000015,0.0,0.0,-176.5856556,-2.22880662,-50.64375762
25.03,2503,-0.040999999999999995,0.066,1.014,0.0,-0.11459160000000004,0.0,-176.5856556,-2.22880662,-50.64375762
25.040000000000003,2504,-0.04,0.067,1.016,0.0,-0.11459160000000004,0.0,-176.5856556,-2.22880662,-50.64375762
25.05,2505,-0.04,0.066,1.016,0.057295800000000015,-0.2291832000000001,0.0,-176.57992602,-2.22307704,-50.64375762
25.060000000000002,2506,-0.04,0.067,1.015,0.11459160000000004,-0.1718874,0.0,-176.57992602,-2.22307704,-50.64375762
25.070000000000004,2507,-0.04,0.066,1.0170000000000001,0.057295800000000015,-0.057295800000000015,0.0,-176.57992602,-2.22307704,-50.64375762
25.080000000000002,2508,-0.04,0.067,1.015,0.1718874,-0.1718874,0.0,-176.57992602,-2.22307704,-50.64375762
25.090000000000003,2509,-0.039,0.066,1.016,0.0,-0.1718874,0.0,-176.57992602,-2.21734746,-50.64375762
25.1,2510,-0.039,0.066,1.016,0.0,-0.11459160000000004,0.0,-176.5856556,-2.21734746,-50.64375762
25.110000000000003,2511,-0.04,0.066,1.016,0.0,0.0,0.0,-176.5856556,-2.21734746,-50.64375762
25.12,2512,-0.04,0.066,1.015,0.0,0.057295800000000015,0.0,-176.5856556,-2.21734746,-50.64375762
25.130000000000003,2513,-0.039,0.065,1.015,-0.057295800000000015,0.1718874,0.0,-176.5856556,-2.21734746,-50.64375762
25.14,2514,-0.039,0.066,1.014,-0.11459160000000004,0.057295800000000015,0.0,-176.59138518,-2.22307704,-50.64375762
25.150000000000002,2515,-0.039,0.065,1.015,-0.057295800000000015,0.0,0.0,-176.59711476,-2.21161788,-50.64375762
25.160000000000004,2516,-0.039,0.066,1.015,-0.057295800000000015,0.0,0.0,-176.59711476,-2.21161788,-50.64375762
25.17,2517,-0.039,0.065,1.014,0.0,-0.057295800000000015,0.0,-176.59711476,-2.2058883,-50.64375762
25.180000000000003,2518,-0.039,0.065,1.015,0.0,0.0,0.0,-176.59711476,-2.2058883,-50.64375762
25.19,2519,-0.039,0.065,1.014,-0.057295800000000015,-0.057295800000000015,0.0,-176.60284434,-2.2058883,-50.64375762
25.200000000000003,2520,-0.04,0.065,1.016,0.0,0.0,0.0,-176.60857392,-2.2058883,-50.64375762
25.21,2521,-0.039,0.066,1.016,0.0,0.0,0.0,-176.60857392,-2.2058883,-50.64375762
25.220000000000002,2522,-0.039,0.067,1.0170000000000001,0.057295800000000015,0.057295800000000015,0.0,-176.60857392,-2.21161788,-50.64375762
25.23,2523,-0.04,0.068,1.0170000000000001,0.057295800000000015,0.057295800000000015,0.0,-176.60857392,-2.21161788,-50.64375762
25.240000000000002,2524,-0.039,0.068,1.016,0.0,0.1718874,0.0,-176.60857392,-2.21161788,-50.64375762
25.250000000000004,2525,-0.04,0.068,1.015,-0.057295800000000015,0.1718874,0.0,-176.60284434,-2.21734746,-50.64375762
25.26,2526,-0.039,0.067,1.014,-0.057295800000000015,0.2291832000000001,0.0,-176.60284434,-2.21734746,-50.64375762
25.270000000000003,2527,-0.039,0.068,1.015,0.0,0.2291832000000001,0.057295800000000015,-176.60857392,-2.22307704,-50.64375762
25.28,2528,-0.04,0.068,1.015,0.0,0.1718874,0.057295800000000015,-176.60857392,-2.22307704,-50.64375762
25.290000000000003,2529,-0.04,0.067,1.013,0.0,0.11459160000000004,0.0,-176.60857392,-2.22307704,-50.64375762
25.3,2530,-0.039,0.067,1.014,0.0,0.057295800000000015,0.0,-176.59711476,-2.21161788,-50.64375762
25.310000000000002,2531,-0.038,0.068,1.014,0.0,0.0,0.0,-176.59711476,-2.21161788,-50.64375762
25.320000000000004,2532,-0.04,0.067,1.013,0.057295800000000015,0.057295800000000015,0.0,-176.59711476,-2.21161788,-50.64375762
25.330000000000002,2533,-0.04,0.068,1.014,0.11459160000000004,0.0,0.0,-176.59711476,-2.21161788,-50.64375762
25.340000000000003,2534,-0.04,0.066,1.015,0.11459160000000004,0.0,0.0,-176.59711476,-2.21161788,-50.64375762
25.35,2535,-0.04,0.067,1.015,0.11459160000000004,0.0,0.057295800000000015,-176.59711476,-2.21734746,-50.64375762
25.360000000000003,2536,-0.04,0.067,1.015,0.11459160000000004,-0.057295800000000015,0.0,-176.59138518,-2.21161788,-50.64375762
25.37,2537,-0.04,0.067,1.016,0.11459160000000004,-0.11459160000000004,0.057295800000000015,-176.59138518,-2.21161788,-50.64375762
25.380000000000003,2538,-0.039,0.066,1.016,0.057295800000000015,-0.11459160000000004,0.0,-176.59138518,-2.21161788,-50.64375762
25.39,2539,-0.04,0.067,1.0170000000000001,0.0,-0.057295800000000015,0.0,-176.59138518,-2.21161788,-50.6494872
25.400000000000002,2540,-0.039,0.067,1.016,0.0,0.0,0.0,-176.5856556,-2.21161788,-50.6494872
25.410000000000004,2541,-0.039,0.067,1.015,0.0,0.0,0.0,-176.5856556,-2.2058883,-50.6494872
25.42,2542,-0.04,0.067,1.015,0.0,0.0,0.0,-176.5856556,-2.2058883,-50.6494872
25.430000000000003,2543,-0.039,0.066,1.013,0.0,0.0,0.0,-176.5856556,-2.2058883,-50.6494872
25.44,2544,-0.039,0.067,1.014,0.0,0.0,0.0,-176.5856556,-2.21161788,-50.6494872
25.450000000000003,2545,-0.039,0.067,1.014,0.0,-0.057295800000000015,0.0,-176.57992602,-2.2058883,-50.6494872
25.46,2546,-0.039,0.067,1.015,0.0,0.0,0.0,-176.57992602,-2.2058883,-50.6494872
25.470000000000002,2547,-0.039,0.067,1.015,0.0,0.0,0.0,-176.57992602,-2.2058883,-50.6494872
25.48,2548,-0.039,0.067,1.015,0.0,0.0,0.0,-176.57992602,-2.2058883,-50.6494872
25.490000000000002,2549,-0.039,0.067,1.016,-0.057295800000000015,0.0,0.0,-176.57992602,-2.2058883,-50.6494872
25.500000000000004,2550,-0.039,0.067,1.016,-0.11459160000000004,0.11459160000000004,0.057295800000000015,-176.57992602,-2.2058883,-50.6494872
25.51,2551,-0.039,0.066,1.016,-0.057295800000000015,0.1718874,0.0,-176.57992602,-2.2058883,-50.6494872
25.520000000000003,2552,-0.039,0.066,1.015,-0.11459160000000004,0.2291832000000001,0.0,-176.5856556,-2.2058883,-50.6494872
25.53,2553,-0.039,0.067,1.0170000000000001,0.0,0.2291832000000001,0.0,-176.5856556,-2.21161788,-50.6494872
25.540000000000003,2554,-0.039,0.066,1.0170000000000001,0.0,0.3437748,0.0,-176.5856556,-2.21734746,-50.6494872
25.55,2555,-0.039,0.067,1.014,0.0,0.3437748,0.0,-176.57992602,-2.22307704,-50.6494872
25.560000000000002,2556,-0.04,0.067,1.015,0.0,0.1718874,0.0,-176.57992602,-2.22307704,-50.6494872
25.570000000000004,2557,-0.04,0.068,1.016,-0.057295800000000015,0.2291832000000001,0.0,-176.57992602,-2.22880662,-50.6494872
25.580000000000002,2558,-0.04,0.069,1.015,0.0,0.1718874,-0.057295800000000015,-176.5856556,-2.22880662,-50.6494872
25.590000000000003,2559,-0.040999999999999995,0.069,1.016,-0.057295800000000015,0.11459160000000004,0.0,-176.5856556,-2.22880662,-50.6494872
25.6,2560,-0.04,0.069,1.016,-0.2291832000000001,0.0,-0.057295800000000015,-176.57992602,-2.22880662,-50.6494872
25.610000000000003,2561,-0.04,0.068,1.015,-0.2291832000000001,0.0,0.0,-176.57992602,-2.22880662,-50.6494872
25.62,2562,-0.039,0.067,1.012,-0.11459160000000004,0.1718874,-0.057295800000000015,-176.5856556,-2.2345362,-50.6494872
25.630000000000003,2563,-0.039,0.064,1.012,-0.11459160000000004,0.2291832000000001,0.0,-176.5856556,-2.2345362,-50.6494872
25.64,2564,-0.04,0.064,1.013,-0.1718874,0.1718874,-0.057295800000000015,-176.5856556,-2.2345362,-50.6494872
25.650000000000002,2565,-0.039,0.065,1.015,-0.2291832000000001,0.11459160000000004,-0.057295800000000015,-176.59138518,-2.2345362,-50.6494872
25.660000000000004,2566,-0.039,0.065,1.016,-0.057295800000000015,0.0,-0.057295800000000015,-176.59138518,-2.2345362,-50.64375762
25.67,2567,-0.04,0.064,1.016,0.0,-0.11459160000000004,0.0,-176.59138518,-2.2345362,-50.64375762
25.680000000000003,2568,-0.04,0.066,1.0170000000000001,0.0,0.0,0.0,-176.59138518,-2.2345362,-50.64375762
25.69,2569,-0.04,0.066,1.0170000000000001,-0.11459160000000004,0.0,0.0,-176.59711476,-2.2345362,-50.64375762
25.700000000000003,2570,-0.04,0.065,1.016,-0.11459160000000004,0.0,0.0,-176.59711476,-2.2345362,-50.64375762
25.71,2571,-0.04,0.066,1.015,-0.11459160000000004,-0.057295800000000015,0.0,-176.60284434,-2.2345362,-50.64375762
25.720000000000002,2572,-0.040999999999999995,0.067,1.015,0.0,-0.057295800000000015,0.0,-176.60284434,-2.2345362,-50.64375762
25.73,2573,-0.040999999999999995,0.068,1.015,0.0,0.0,0.0,-176.60284434,-2.2345362,-50.64375762
25.740000000000002,2574,-0.04,0.068,1.015,-0.11459160000000004,0.1718874,0.0,-176.60284434,-2.2345362,-50.64375762
25.750000000000004,2575,-0.04,0.067,1.013,-0.1718874,0.1718874,0.0,-176.60284434,-2.24026578,-50.64375762
25.76,2576,-0.04,0.068,1.011,-0.1718874,0.11459160000000004,0.0,-176.60284434,-2.24599536,-50.64375762
25.770000000000003,2577,-0.039,0.068,1.011,0.0,0.057295800000000015,0.0,-176.60284434,-2.24599536,-50.64375762
25.78,2578,-0.04,0.068,1.012,0.057295800000000015,-0.057295800000000015,0.0,-176.60284434,-2.24026578,-50.64375762
25.790000000000003,2579,-0.04,0.067,1.014,0.057295800000000015,-0.2291832000000001,0.0,-176.60284434,-2.24026578,-50.64375762
25.8,2580,-0.04,0.069,1.015,0.057295800000000015,-0.40107059999999994,0.0,-176.59711476,-2.2345362,-50.64375762
25.810000000000002,2581,-0.04,0.068,1.016,0.1718874,-0.3437748,0.0,-176.59711476,-2.2345362,-50.64375762
25.820000000000004,2582,-0.039,0.069,1.018,0.1718874,-0.286479,0.0,-176.59138518,-2.22880662,-50.64375762
25.830000000000002,2583,-0.039,0.068,1.018,0.057295800000000015,-0.3437748,0.0,-176.59138518,-2.22307704,-50.64375762
25.840000000000003,2584,-0.039,0.068,1.018,0.0,-0.3437748,0.0,-176.59138518,-2.22307704,-50.64375762
25.85,2585,-0.039,0.067,1.018,0.0,-0.11459160000000004,-0.057295800000000015,-176.59138518,-2.21734746,-50.64375762
25.860000000000003,2586,-0.04,0.068,1.016,0.0,0.0,0.0,-176.59138518,-2.21161788,-50.63802804
25.87,2587,-0.04,0.068,1.016,0.0,0.057295800000000015,-0.057295800000000015,-176.59138518,-2.21734746,-50.63802804
25.880000000000003,2588,-0.04,0.067,1.015,-0.057295800000000015,0.057295800000000015,0.0,-176.59138518,-2.21734746,-50.63802804
25.89,2589,-0.04,0.065,1.014,-0.057295800000000015,0.0,0.0,-176.59138518,-2.21734746,-50.63802804
25.900000000000002,2590,-0.039,0.067,1.013,0.0,-0.057295800000000015,0.0,-176.60284434,-2.21161788,-50.63802804
25.910000000000004,2591,-0.04,0.067,1.013,0.057295800000000015,-0.11459160000000004,0.0,-176.60284434,-2.21161788,-50.63802804
25.92,2592,-0.039,0.066,1.013,0.0,0.0,0.0,-176.60284434,-2.21161788,-50.63802804
25.930000000000003,2593,-0.039,0.067,1.013,0.0,0.0,0.0,-176.60284434,-2.21161788,-50.63802804
25.94,2594,-0.04,0.066,1.013,0.0,0.0,0.0,-176.60284434,-2.21161788,-50.63802804
25.950000000000003,2595,-0.04,0.066,1.015,0.0,-0.057295800000000015,-0.057295800000000015,-176.60857392,-2.21161788,-50.63802804
25.96,2596,-0.040999999999999995,0.066,1.015,0.11459160000000004,0.0,0.0,-176.60284434,-2.21161788,-50.63802804
25.970000000000002,2597,-0.039,0.068,1.016,0.057295800000000015,0.0,0.0,-176.60284434,-2.21161788,-50.63802804
25.98,2598,-0.04,0.067,1.016,0.0,0.0,0.0,-176.60284434,-2.21161788,-50.63802804
25.990000000000002,2599,-0.039,0.067,1.0170000000000001,0.0,0.057295800000000015,0.0,-176.60284434,-2.21161788,-50.63802804
26.000000000000004,2600,-0.039,0.066,1.016,-0.057295800000000015,0.057295800000000015,0.0,-176.60284434,-2.21161788,-50.63802804
26.01,2601,-0.039,0.066,1.016,-0.11459160000000004,0.11459160000000004,0.057295800000000015,-176.60284434,-2.21161788,-50.63802804
26.020000000000003,2602,-0.04,0.066,1.015,-0.057295800000000015,0.057295800000000015,0.0,-176.60284434,-2.21734746,-50.63802804
26.03,2603,-0.04,0.068,1.014,-0.057295800000000015,0.11459160000000004,0.0,-176.60857392,-2.21734746,-50.63802804
26.040000000000003,2604,-0.04,0.066,1.014,-0.057295800000000015,0.11459160000000004,0.0,-176.60857392,-2.21734746,-50.63802804
26.05,2605,-0.04,0.065,1.014,0.0,0.057295800000000015,0.0,-176.59711476,-2.21161788,-50.63802804
26.060000000000002,2606,-0.039,0.066,1.014,0.0,0.11459160000000004,0.0,-176.59711476,-2.21734746,-50.64375762
26.070000000000004,2607,-0.04,0.067,1.014,0.057295800000000015,0.057295800000000015,0.057295800000000015,-176.59711476,-2.21734746,-50.64375762
26.080000000000002,2608,-0.039,0.067,1.015,0.057295800000000015,0.0,0.0,-176.59711476,-2.21734746,-50.64375762
26.090000000000003,2609,-0.04,0.067,1.015,0.057295800000000015,0.0,0.057295800000000015,-176.59711476,-2.21734746,-50.64375762
26.1,2610,-0.04,0.067,1.014,0.0,0.0,0.057295800000000015,-176.59711476,-2.21734746,-50.64375762
26.110000000000003,2611,-0.04,0.068,1.016,0.0,0.0,0.0,-176.59711476,-2.21734746,-50.64375762
26.12,2612,-0.04,0.069,1.015,0.057295800000000015,-0.057295800000000015,0.0,-176.59711476,-2.21734746,-50.64375762
26.130000000000003,2613,-0.04,0.068,1.015,0.0,0.0,0.0,-176.59711476,-2.21734746,-50.64375762
26.14,2614,-0.040999999999999995,0.069,1.015,0.0,0.0,0.0,-176.59711476,-2.21734746,-50.64375762
26.150000000000002,2615,-0.039,0.068,1.015,0.0,-0.057295800000000015,0.0,-176.59138518,-2.21734746,-50.64375762
26.160000000000004,2616,-0.04,0.069,1.015,-0.057295800000000015,0.0,0.0,-176.59138518,-2.21734746,-50.64375762
26.17,2617,-0.039,0.068,1.015,0.0,0.0,0.0,-176.59138518,-2.21734746,-50.64375762
26.180000000000003,2618,-0.039,0.067,1.014,0.0,0.0,0.0,-176.59138518,-2.21734746,-50.64375762
26.19,2619,-0.039,0.067,1.015,0.0,0.0,0.0,-176.59138518,-2.21734746,-50.64375762
26.200000000000003,2620,-0.04,0.067,1.014,0.0,0.0,0.0,-176.5856556,-2.22880662,-50.64375762
26.21,2621,-0.04,0.067,1.016,0.0,-0.11459160000000004,0.0,-176.5856556,-2.22880662,-50.64375762
26.220000000000002,2622,-0.04,0.067,1.015,0.0,-0.057295800000000015,0.057295800000000015,-176.5856556,-2.22880662,-50.6494872
26.23,2623,-0.039,0.068,1.015,0.0,-0.057295800000000015,0.0,-176.57992602,-2.22307704,-50.6494872
26.240000000000002,2624,-0.04,0.067,1.015,0.0,0.0,0.0,-176.57992602,-2.22307704,-50.6494872
26.250000000000004,2625,-0.04,0.067,1.015,0.0,0.0,0.0,-176.57419644,-2.22307704,-50.6494872
26.26,2626,-0.039,0.066,1.015,-0.057295800000000015,0.11459160000000004,0.0,-176.57419644,-2.22307704,-50.6494872
26.270000000000003,2627,-0.04,0.065,1.014,0.0,0.11459160000000004,0.0,-176.57419644,-2.22307704,-50.6494872
26.28,2628,-0.039,0.066,1.016,-0.057295800000000015,0.11459160000000004,-0.057295800000000015,-176.57419644,-2.22880662,-50.6494872
26.290000000000003,2629,-0.04,0.065,1.014,-0.057295800000000015,0.057295800000000015,0.0,-176.57992602,-2.22880662,-50.6494872
26.3,2630,-0.04,0.065,1.014,0.0,-0.057295800000000015,0.0,-176.5856556,-2.22880662,-50.6494872
26.310000000000002,2631,-0.04,0.066,1.015,-0.057295800000000015,0.0,0.0,-176.5856556,-2.22880662,-50.6494872
26.320000000000004,2632,-0.04,0.065,1.016,-0.11459160000000004,0.057295800000000015,0.0,-176.5856556,-2.22880662,-50.6494872
26.330000000000002,2633,-0.04,0.067,1.0170000000000001,-0.2291832000000001,-0.057295800000000015,0.0,-176.59138518,-2.22880662,-50.6494872
26.340000000000003,2634,-0.04,0.066,1.0170000000000001,-0.2291832000000001,0.0,0.0,-176.59138518,-2.22880662,-50.6494872
26.35,2635,-0.04,0.067,1.015,-0.11459160000000004,0.0,0.0,-176.59138518,-2.2345362,-50.6494872
26.360000000000003,2636,-0.039,0.066,1.013,-0.057295800000000015,0.11459160000000004,0.0,-176.59711476,-2.2345362,-50.64375762
26.37,2637,-0.04,0.066,1.014,-0.11459160000000004,0.1718874,-0.057295800000000015,-176.59711476,-2.2345362,-50.64375762
26.380000000000003,2638,-0.04,0.065,1.015,-0.057295800000000015,0.1718874,0.0,-176.59711476,-2.24026578,-50.64375762
26.39,2639,-0.04,0.066,1.016,-0.057295800000000015,0.0,0.0,-176.59711476,-2.24026578,-50.64375762
26.400000000000002,2640,-0.039,0.066,1.016,0.0,0.0,0.0,-176.59711476,-2.22880662,-50.64375762
26.410000000000004,2641,-0.04,0.067,1.015,0.057295800000000015,-0.1718874,0.0,-176.59711476,-2.22880662,-50.64375762
26.42,2642,-0.040999999999999995,0.068,1.015,0.11459160000000004,-0.2291832000000001,0.0,-176.59138518,-2.22307704,-50.64375762
26.430000000000003,2643,-0.04,0.069,1.016,0.0,-0.057295800000000015,0.0,-176.59138518,-2.22307704,-50.64375762
26.44,2644,-0.04,0.067,1.014,0.0,-0.11459160000000004,0.0,-176.59138518,-2.22307704,-50.64375762
26.450000000000003,2645,-0.039,0.067,1.016,0.0,0.0,-0.057295800000000015,-176.5856556,-2.21734746,-50.64375762
26.46,2646,-0.040999999999999995,0.067,1.015,0.057295800000000015,0.057295800000000015,0.0,-176.5856556,-2.21734746,-50.64375762
26.470000000000002,2647,-0.04,0.067,1.014,0.057295800000000015,0.057295800000000015,0.0,-176.5856556,-2.21734746,-50.64375762
26.48,2648,-0.04,0.068,1.014,0.0,0.1718874,0.0,-176.5856556,-2.22307704,-50.64375762
26.490000000000002,2649,-0.04,0.068,1.015,0.0,0.11459160000000004,0.0,-176.5856556,-2.22307704,-50.64375762
26.500000000000004,2650,-0.04,0.066,1.014,0.0,0.0,0.0,-176.5856556,-2.21734746,-50.64375762
26.51,2651,-0.04,0.066,1.012,0.0,0.0,0.0,-176.5856556,-2.21734746,-50.64375762
26.520000000000003,2652,-0.04,0.066,1.012,0.1718874,0.0,0.0,-176.5856556,-2.21734746,-50.64375762
26.53,2653,-0.04,0.067,1.015,0.286479,-0.11459160000000004,0.0,-176.5856556,-2.21734746,-50.64375762
26.540000000000003,2654,-0.04,0.066,1.016,0.2291832000000001,-0.11459160000000004,0.0,-176.57992602,-2.21734746,-50.64375762
26.55,2655,-0.040999999999999995,0.068,1.018,0.2291832000000001,0.0,0.0,-176.57419644,-2.21734746,-50.64375762
26.560000000000002,2656,-0.039,0.067,1.018,0.057295800000000015,0.0,0.0,-176.57419644,-2.21734746,-50.64375762
26.570000000000004,2657,-0.039,0.067,1.0190000000000001,0.0,0.0,0.0,-176.56846686,-2.21734746,-50.64375762
26.580000000000002,2658,-0.040999999999999995,0.067,1.018,0.0,0.0,0.0,-176.57419644,-2.21734746,-50.64375762
26.590000000000003,2659,-0.04,0.066,1.0170000000000001,0.0,0.0,0.0,-176.57419644,-2.21734746,-50.64375762
26.6,2660,-0.039,0.066,1.016,-0.057295800000000015,0.2291832000000001,-0.057295800000000015,-176.57419644,-2.21161788,-50.64375762
26.610000000000003,2661,-0.04,0.065,1.013,0.0,0.4583664000000001,0.0,-176.57419644,-2.21734746,-50.64375762
26.62,2662,-0.04,0.066,1.01,0.057295800000000015,0.40107059999999994,-0.057295800000000015,-176.56846686,-2.22307704,-50.64375762
26.630000000000003,2663,-0.04,0.068,1.012,0.0,0.286479,0.0,-176.56846686,-2.22307704,-50.64375762
26.64,2664,-0.04,0.067,1.014,-0.2291832000000001,0.11459160000000004,0.0,-176.57419644,-2.22880662,-50.64375762
26.650000000000002,2665,-0.040999999999999995,0.066,1.016,-0.40107059999999994,0.0,-0.057295800000000015,-176.57992602,-2.22880662,-50.63802804
26.660000000000004,2666,-0.04,0.064,1.015,-0.4583664000000001,0.0,-0.057295800000000015,-176.5856556,-2.22880662,-50.63802804
26.67,2667,-0.04,0.063,1.014,-0.286479,0.0,0.0,-176.5856556,-2.22880662,-50.63802804
26.680000000000003,2668,-0.040999999999999995,0.063,1.013,-0.057295800000000015,0.0,0.0,-176.5856556,-2.22880662,-50.63802804
26.69,2669,-0.04,0.065,1.013,0.057295800000000015,0.0,0.0,-176.5856556,-2.22880662,-50.63802804
26.700000000000003,2670,-0.04,0.066,1.015,0.1718874,0.0,0.0,-176.5856556,-2.22880662,-50.63802804
26.71,2671,-0.040999999999999995,0.067,1.016,0.057295800000000015,0.0,0.0,-176.5856556,-2.22880662,-50.63802804
26.720000000000002,2672,-0.040999999999999995,0.067,1.016,0.0,0.0,0.0,-176.5856556,-2.22880662,-50.64375762
26.73,2673,-0.04,0.067,1.0170000000000001,-0.057295800000000015,0.0,0.0,-176.5856556,-2.22880662,-50.64375762
26.740000000000002,2674,-0.04,0.066,1.0170000000000001,-0.1718874,0.0,0.0,-176.5856556,-2.22880662,-50.64375762
26.750000000000004,2675,-0.040999999999999995,0.066,1.016,-0.1718874,0.0,0.0,-176.57992602,-2.22880662,-50.64375762
26.76,2676,-0.04,0.065,1.02,-0.2291832000000001,-0.057295800000000015,0.057295800000000015,-176.57992602,-2.22880662,-50.64375762
26.770000000000003,2677,-0.040999999999999995,0.066,1.018,-0.286479,0.0,0.0,-176.5856556,-2.22880662,-50.64375762
26.78,2678,-0.04,0.067,1.0170000000000001,-0.11459160000000004,0.0,0.057295800000000015,-176.5856556,-2.22880662,-50.64375762
26.790000000000003,2679,-0.039,0.067,1.015,0.0,0.057295800000000015,0.057295800000000015,-176.5856556,-2.22880662,-50.64375762
26.8,2680,-0.040999999999999995,0.068,1.013,0.0,0.0,0.0,-176.55700769999999,-2.2345362,-50.64375762
26.810000000000002,2681,-0.04,0.07,1.013,-0.057295800000000015,0.11459160000000004,0.0,-176.56273728,-2.2345362,-50.64375762
26.820000000000004,2682,-0.04,0.068,1.012,0.057295800000000015,0.11459160000000004,0.057295800000000015,-176.56273728,-2.2345362,-50.6494872
26.830000000000002,2683,-0.040999999999999995,0.067,1.01,0.057295800000000015,0.0,0.0,-176.55700769999999,-2.2345362,-50.6494872
26.840000000000003,2684,-0.04,0.067,1.01,0.1718874,-0.057295800000000015,0.057295800000000015,-176.55700769999999,-2.2345362,-50.6494872
26.85,2685,-0.040999999999999995,0.068,1.014,0.11459160000000004,-0.057295800000000015,0.0,-176.55127812,-2.2345362,-50.6494872
26.860000000000003,2686,-0.040999999999999995,0.067,1.016,0.0,-0.057295800000000015,0.0,-176.55127812,-2.2345362,-50.6494872
26.87,2687,-0.04,0.067,1.0170000000000001,0.0,-0.1718874,0.057295800000000015,-176.55127812,-2.22880662,-50.6494872
26.880000000000003,2688,-0.04,0.067,1.018,-0.057295800000000015,-0.2291832000000001,0.0,-176.55127812,-2.22880662,-50.6494872
26.89,2689,-0.04,0.066,1.0190000000000001,-0.057295800000000015,-0.1718874,0.0,-176.55700769999999,-2.22880662,-50.6494872
26.900000000000002,2690,-0.040999999999999995,0.067,1.021,-0.11459160000000004,-0.1718874,0.0,-176.56846686,-2.22880662,-50.6494872
26.910000000000004,2691,-0.040999999999999995,0.067,1.02,-0.057295800000000015,0.0,0.0,-176.56846686,-2.22880662,-50.6494872
26.92,2692,-0.04,0.067,1.0190000000000001,-0.057295800000000015,0.057295800000000015,0.0,-176.56846686,-2.22880662,-50.6494872
26.930000000000003,2693,-0.04,0.066,1.014,0.0,0.11459160000000004,0.0,-176.56846686,-2.22880662,-50.6494872
26.94,2694,-0.04,0.066,1.014,-0.11459160000000004,0.1718874,0.0,-176.56846686,-2.22880662,-50.6494872
26.950000000000003,2695,-0.04,0.065,1.012,0.0,0.0,0.0,-176.57419644,-2.2345362,-50.64375762
26.96,2696,-0.040999999999999995,0.065,1.01,0.11459160000000004,0.0,0.0,-176.57419644,-2.2345362,-50.64375762
26.970000000000002,2697,-0.040999999999999995,0.066,1.011,0.057295800000000015,0.0,0.0,-176.57419644,-2.2345362,-50.64375762
26.98,2698,-0.040999999999999995,0.066,1.013,0.11459160000000004,-0.057295800000000015,0.0,-176.57419644,-2.2345362,-50.64375762
26.990000000000002,2699,-0.04,0.066,1.014,0.0,0.0,0.0,-176.57419644,-2.2345362,-50.64375762
27.000000000000004,2700,-0.040999999999999995,0.064,1.015,-0.2291832000000001,0.0,0.0,-176.59138518,-2.24026578,-50.64375762
27.01,2701,-0.042,0.063,1.016,-0.057295800000000015,-0.11459160000000004,0.0,-176.59138518,-2.24026578,-50.64375762
27.020000000000003,2702,-0.040999999999999995,0.063,1.018,-0.1718874,0.0,0.0,-176.59138518,-2.24026578,-50.64375762
27.03,2703,-0.04,0.063,1.015,-0.057295800000000015,0.0,0.0,-176.59138518,-2.24026578,-50.64375762
27.040000000000003,2704,-0.042,0.064,1.015,0.0,-0.11459160000000004,0.0,-176.59138518,-2.2345362,-50.64375762
27.05,2705,-0.040999999999999995,0.064,1.016,0.0,-0.11459160000000004,0.0,-176.6143035,-2.2345362,-50.64375762
27.060000000000002,2706,-0.040999999999999995,0.065,1.0170000000000001,0.0,0.0,0.0,-176.6143035,-2.2345362,-50.64375762
27.070000000000004,2707,-0.04,0.065,1.016,-0.11459160000000004,0.0,0.0,-176.6143035,-2.2345362,-50.64375762
27.080000000000002,2708,-0.04,0.066,1.0170000000000001,-0.11459160000000004,0.057295800000000015,0.0,-176.6143035,-2.2345362,-50.64375762
27.090000000000003,2709,-0.040999999999999995,0.065,1.014,-0.057295800000000015,0.0,0.0,-176.6143035,-2.2345362,-50.64375762
27.1,2710,-0.040999999999999995,0.066,1.013,0.0,0.1718874,0.0,-176.62003308,-2.2345362,-50.64375762
27.110000000000003,2711,-0.04,0.064,1.013,0.0,0.3437748,0.0,-176.62003308,-2.24026578,-50.64375762
27.12,2712,-0.040999999999999995,0.066,1.015,-0.11459160000000004,0.3437748,0.0,-176.62003308,-2.24026578,-50.64375762
27.130000000000003,2713,-0.040999999999999995,0.066,1.016,-0.11459160000000004,0.286479,0.0,-176.62003308,-2.24599536,-50.64375762
27.14,2714,-0.040999999999999995,0.065,1.016,0.0,0.1718874,0.0,-176.62003308,-2.24599536,-50.64375762
27.150000000000002,2715,-0.040999999999999995,0.066,1.0170000000000001,0.057295800000000015,-0.057295800000000015,0.0,-176.62003308,-2.24599536,-50.64375762
27.160000000000004,2716,-0.040999999999999995,0.067,1.018,0.0,-0.057295800000000015,0.0,-176.62003308,-2.24599536,-50.64375762
27.17,2717,-0.040999999999999995,0.067,1.016,0.0,0.0,0.0,-176.62003308,-2.24599536,-50.64375762
27.180000000000003,2718,-0.040999999999999995,0.066,1.016,0.0,0.0,0.0,-176.62003308,-2.24599536,-50.64375762
27.19,2719,-0.042,0.067,1.016,-0.057295800000000015,0.057295800000000015,0.0,-176.62003308,-2.24599536,-50.64375762
27.200000000000003,2720,-0.042,0.067,1.016,-0.057295800000000015,0.1718874,0.0,-176.60857392,-2.25172494,-50.64375762
27.21,2721,-0.040999999999999995,0.068,1.016,-0.057295800000000015,0.1718874,0.0,-176.6143035,-2.25172494,-50.64375762
27.220000000000002,2722,-0.040999999999999995,0.067,1.015,0.0,0.1718874,0.0,-176.6143035,-2.25745452,-50.64375762
27.23,2723,-0.042,0.065,1.015,0.0,0.11459160000000004,0.0,-176.6143035,-2.25745452,-50.64375762
27.240000000000002,2724,-0.042,0.066,1.014,0.057295800000000015,0.057295800000000015,0.0,-176.6143035,-2.25745452,-50.64375762
27.250000000000004,2725,-0.040999999999999995,0.065,1.014,0.11459160000000004,0.0,0.0,-176.6143035,-2.2631841,-50.64375762
27.26,2726,-0.043,0.067,1.014,0.11459160000000004,-0.057295800000000015,0.0,-176.6143035,-2.2631841,-50.64375762
27.270000000000003,2727,-0.040999999999999995,0.066,1.015,0.057295800000000015,0.0,0.0,-176.6143035,-2.2631841,-50.64375762
27.28,2728,-0.040999999999999995,0.065,1.015,0.057295800000000015,-0.057295800000000015,-0.057295800000000015,-176.6143035,-2.2631841,-50.64375762
27.290000000000003,2729,-0.042,0.066,1.015,0.057295800000000015,0.0,0.0,-176.6143035,-2.2631841,-50.64375762
27.3,2730,-0.042,0.064,1.015,0.11459160000000004,0.0,0.0,-176.6143035,-2.2631841,-50.64375762
27.310000000000002,2731,-0.04,0.064,1.014,0.11459160000000004,-0.1718874,-0.057295800000000015,-176.6143035,-2.2631841,-50.64375762
27.320000000000004,2732,-0.040999999999999995,0.064,1.015,0.1718874,-0.11459160000000004,0.0,-176.6143035,-2.2631841,-50.64375762
27.330000000000002,2733,-0.042,0.064,1.015,0.11459160000000004,-0.1718874,0.0,-176.60857392,-2.25745452,-50.64375762
27.340000000000003,2734,-0.040999999999999995,0.064,1.016,0.11459160000000004,0.0,0.0,-176.60857392,-2.25745452,-50.64375762
27.35,2735,-0.040999999999999995,0.064,1.014,0.057295800000000015,0.0,0.0,-176.6143035,-2.25172494,-50.63802804
27.360000000000003,2736,-0.040999999999999995,0.063,1.015,0.057295800000000015,0.0,0.0,-176.6143035,-2.25172494,-50.63802804
27.37,2737,-0.040999999999999995,0.063,1.014,0.057295800000000015,0.0,0.0,-176.6143035,-2.25172494,-50.63802804
27.380000000000003,2738,-0.042,0.063,1.015,0.057295800000000015,-0.1718874,0.0,-176.60857392,-2.25172494,-50.63802804
27.39,2739,-0.042,0.063,1.014,0.11459160000000004,-0.286479,0.057295800000000015,-176.60857392,-2.24599536,-50.63802804
27.400000000000002,2740,-0.042,0.064,1.014,0.11459160000000004,-0.1718874,0.057295800000000015,-176.6143035,-2.24599536,-50.64375762
27.410000000000004,2741,-0.042,0.063,1.015,0.1718874,-0.3437748,0.0,-176.60857392,-2.24026578,-50.63802804
27.42,2742,-0.040999999999999995,0.063,1.016,0.11459160000000004,-0.3437748,0.0,-176.60857392,-2.24026578,-50.63802804
27.430000000000003,2743,-0.040999999999999995,0.065,1.016,0.1718874,-0.286479,0.0,-176.60857392,-2.2345362,-50.63802804
27.44,2744,-0.040999999999999995,0.066,1.016,0.1718874,-0.2291832000000001,0.0,-176.60284434,-2.2345362,-50.64375762
27.450000000000003,2745,-0.040999999999999995,0.065,1.0170000000000001,0.11459160000000004,-0.1718874,0.057295800000000015,-176.60284434,-2.2345362,-50.64375762
27.46,2746,-0.040999999999999995,0.067,1.016,0.1718874,-0.11459160000000004,0.057295800000000015,-176.59711476,-2.2345362,-50.64375762
27.470000000000002,2747,-0.040999999999999995,0.068,1.016,0.1718874,0.0,0.0,-176.59711476,-2.2345362,-50.64375762
27.48,2748,-0.040999999999999995,0.067,1.016,0.1718874,-0.057295800000000015,0.0,-176.59711476,-2.2345362,-50.64375762
27.490000000000002,2749,-0.040999999999999995,0.066,1.015,0.1718874,-0.057295800000000015,0.0,-176.59138518,-2.2345362,-50.64375762
27.500000000000004,2750,-0.040999999999999995,0.067,1.014,0.2291832000000001,0.0,0.0,-176.5856556,-2.2345362,-50.64375762
27.51,2751,-0.040999999999999995,0.068,1.015,0.2291832000000001,-0.057295800000000015,0.057295800000000015,-176.5856556,-2.2345362,-50.64375762
27.520000000000003,2752,-0.040999999999999995,0.068,1.013,0.2291832000000001,-0.057295800000000015,0.0,-176.57992602,-2.2345362,-50.64375762
27.53,2753,-0.040999999999999995,0.068,1.013,0.286479,-0.057295800000000015,0.0,-176.57992602,-2.2345362,-50.64375762
27.540000000000003,2754,-0.042,0.067,1.013,0.286479,-0.11459160000000004,0.0,-176.57419644,-2.2345362,-50.64375762
27.55,2755,-0.040999999999999995,0.068,1.013,0.286479,-0.11459160000000004,0.0,-176.56846686,-2.2345362,-50.64375762
27.560000000000002,2756,-0.040999999999999995,0.066,1.014,0.1718874,-0.1718874,0.0,-176.56846686,-2.2345362,-50.64375762
27.570000000000004,2757,-0.042,0.066,1.015,0.1718874,-0.286479,0.0,-176.56273728,-2.22880662,-50.64375762
27.580000000000002,2758,-0.042,0.065,1.0170000000000001,0.1718874,-0.286479,0.0,-176.56273728,-2.22880662,-50.64375762
27.590000000000003,2759,-0.040999999999999995,0.065,1.0170000000000001,0.1718874,-0.1718874,0.0,-176.56273728,-2.22880662,-50.64375762
27.6,2760,-0.040999999999999995,0.065,1.0170000000000001,0.2291832000000001,-0.1718874,0.0,-176.56273728,-2.22880662,-50.64375762
27.610000000000003,2761,-0.040999999999999995,0.065,1.0170000000000001,0.1718874,-0.11459160000000004,0.057295800000000015,-176.56273728,-2.22307704,-50.64375762
27.62,2762,-0.042,0.065,1.016,0.1718874,-0.1718874,0.0,-176.56273728,-2.22307704,-50.64375762
27.630000000000003,2763,-0.040999999999999995,0.064,1.015,0.1718874,-0.1718874,0.0,-176.55700769999999,-2.22307704,-50.64375762
27.64,2764,-0.040999999999999995,0.063,1.015,0.1718874,-0.057295800000000015,0.0,-176.55700769999999,-2.22307704,-50.64375762
27.650000000000002,2765,-0.040999999999999995,0.064,1.015,0.11459160000000004,-0.057295800000000015,0.0,-176.56273728,-2.22307704,-50.64375762
27.660000000000004,2766,-0.040999999999999995,0.064,1.014,0.0,0.0,0.0,-176.56273728,-2.22307704,-50.64375762
27.67,2767,-0.040999999999999995,0.065,1.015,0.0,0.0,0.0,-176.56273728,-2.22307704,-50.64375762
27.680000000000003,2768,-0.040999999999999995,0.065,1.014,0.0,0.0,0.0,-176.56273728,-2.22307704,-50.64375762
27.69,2769,-0.040999999999999995,0.065,1.014,0.0,-0.057295800000000015,0.0,-176.56273728,-2.22307704,-50.64375762
27.700000000000003,2770,-0.040999999999999995,0.065,1.013,0.11459160000000004,-0.11459160000000004,0.0,-176.56846686,-2.22307704,-50.64375762
27.71,2771,-0.040999999999999995,0.064,1.014,0.11459160000000004,-0.057295800000000015,0.0,-176.56846686,-2.22307704,-50.64375762
27.720000000000002,2772,-0.040999999999999995,0.066,1.014,0.0,-0.057295800000000015,0.0,-176.56846686,-2.22307704,-50.64375762
27.73,2773,-0.040999999999999995,0.065,1.016,-0.057295800000000015,0.0,0.057295800000000015,-176.56846686,-2.22307704,-50.64375762
27.740000000000002,2774,-0.040999999999999995,0.067,1.0170000000000001,-0.057295800000000015,0.0,0.057295800000000015,-176.56846686,-2.21734746,-50.6494872
27.750000000000004,2775,-0.04,0.065,1.016,0.0,0.0,0.057295800000000015,-176.57992602,-2.21161788,-50.6494872
27.76,2776,-0.04,0.066,1.0170000000000001,0.0,0.0,0.0,-176.57992602,-2.21161788,-50.6494872
27.770000000000003,2777,-0.040999999999999995,0.067,1.015,-0.11459160000000004,0.11459160000000004,0.0,-176.57992602,-2.21734746,-50.6494872
27.78,2778,-0.04,0.065,1.014,-0.11459160000000004,0.057295800000000015,0.0,-176.57992602,-2.21734746,-50.6494872
27.790000000000003,2779,-0.042,0.067,1.015,-0.057295800000000015,0.0,0.0,-176.57992602,-2.21734746,-50.6494872
27.8,2780,-0.04,0.067,1.015,-0.11459160000000004,0.057295800000000015,0.0,-176.57992602,-2.21734746,-50.6494872
27.810000000000002,2781,-0.040999999999999995,0.069,1.015,0.0,0.0,0.0,-176.57992602,-2.21734746,-50.6494872
27.820000000000004,2782,-0.04,0.068,1.0170000000000001,0.0,-0.11459160000000004,0.0,-176.57992602,-2.21734746,-50.6494872
27.830000000000002,2783,-0.040999999999999995,0.069,1.016,0.0,-0.11459160000000004,0.0,-176.57992602,-2.21734746,-50.6494872
27.840000000000003,2784,-0.040999999999999995,0.068,1.014,-0.057295800000000015,0.0,0.0,-176.57992602,-2.21734746,-50.6494872
27.85,2785,-0.04,0.066,1.014,-0.057295800000000015,0.057295800000000015,0.0,-176.5856556,-2.21734746,-50.6494872
27.860000000000003,2786,-0.039,0.067,1.014,-0.057295800000000015,0.1718874,-0.057295800000000015,-176.5856556,-2.21734746,-50.6494872
27.87,2787,-0.04,0.066,1.0170000000000001,-0.057295800000000015,0.1718874,0.0,-176.5856556,-2.22307704,-50.6494872
27.880000000000003,2788,-0.040999999999999995,0.065,1.016,-0.1718874,0.057295800000000015,0.0,-176.5856556,-2.22307704,-50.6494872
27.89,2789,-0.040999999999999995,0.065,1.016,0.0,-0.11459160000000004,0.057295800000000015,-176.5856556,-2.22307704,-50.6494872
27.900000000000002,2790,-0.040999999999999995,0.065,1.0170000000000001,0.057295800000000015,-0.1718874,0.0,-176.5856556,-2.22307704,-50.6494872
27.910000000000004,2791,-0.040999999999999995,0.066,1.0170000000000001,0.057295800000000015,-0.11459160000000004,0.0,-176.5856556,-2.22307704,-50.6494872
27.92,2792,-0.04,0.067,1.014,0.0,-0.1718874,-0.057295800000000015,-176.5856556,-2.21734746,-50.6494872
27.930000000000003,2793,-0.04,0.067,1.014,-0.11459160000000004,-0.057295800000000015,0.0,-176.5856556,-2.21734746,-50.6494872
27.94,2794,-0.04,0.066,1.014,-0.1718874,-0.057295800000000015,0.0,-176.5856556,-2.21734746,-50.6494872
27.950000000000003,2795,-0.04,0.067,1.015,-0.11459160000000004,0.0,0.0,-176.57992602,-2.22307704,-50.6494872
27.96,2796,-0.04,0.069,1.014,-0.057295800000000015,0.11459160000000004,0.0,-176.5856556,-2.22307704,-50.6494872
27.970000000000002,2797,-0.04,0.067,1.015,-0.057295800000000015,0.11459160000000004,-0.057295800000000015,-176.5856556,-2.22307704,-50.6494872
27.98,2798,-0.040999999999999995,0.067,1.015,-0.057295800000000015,0.057295800000000015,0.0,-176.5856556,-2.22307704,-50.6494872
27.990000000000002,2799,-0.039,0.067,1.014,-0.057295800000000015,0.11459160000000004,0.0,-176.5856556,-2.22307704,-50.6494872
28.000000000000004,2800,-0.04,0.067,1.014,0.0,0.057295800000000015,0.0,-176.57419644,-2.22880662,-50.6494872
28.01,2801,-0.04,0.066,1.014,0.057295800000000015,0.0,0.0,-176.57419644,-2.22880662,-50.6494872
28.020000000000003,2802,-0.04,0.068,1.015,0.057295800000000015,-0.11459160000000004,0.0,-176.57419644,-2.22880662,-50.6494872
28.03,2803,-0.04,0.067,1.0170000000000001,0.0,0.0,-0.057295800000000015,-176.57419644,-2.22880662,-50.64375762
28.040000000000003,2804,-0.040999999999999995,0.065,1.016,0.057295800000000015,-0.057295800000000015,0.0,-176.57419644,-2.22880662,-50.64375762
28.05,2805,-0.04,0.067,1.016,0.0,-0.057295800000000015,0.0,-176.57992602,-2.22880662,-50.64375762
28.060000000000002,2806,-0.04,0.066,1.016,0.0,-0.11459160000000004,0.0,-176.57992602,-2.22880662,-50.64375762
28.070000000000004,2807,-0.04,0.067,1.015,0.0,0.0,0.0,-176.57992602,-2.22880662,-50.64375762
28.080000000000002,2808,-0.04,0.066,1.015,-0.057295800000000015,0.11459160000000004,0.0,-176.57992602,-2.22880662,-50.64375762
28.090000000000003,2809,-0.040999999999999995,0.067,1.014,-0.11459160000000004,0.1718874,0.0,-176.57992602,-2.22880662,-50.64375762
28.1,2810,-0.04,0.066,1.014,-0.057295800000000015,0.1718874,0.0,-176.57992602,-2.2345362,-50.64375762
28.110000000000003,2811,-0.04,0.065,1.014,-0.1718874,0.1718874,0.0,-176.57992602,-2.2345362,-50.64375762
28.12,2812,-0.040999999999999995,0.066,1.013,-0.057295800000000015,0.11459160000000004,0.0,-176.57992602,-2.2345362,-50.64375762
28.130000000000003,2813,-0.04,0.065,1.014,0.0,0.11459160000000004,0.0,-176.57992602,-2.2345362,-50.64375762
28.14,2814,-0.04,0.066,1.015,0.0,0.0,0.0,-176.57992602,-2.2345362,-50.64375762
28.150000000000002,2815,-0.039,0.066,1.016,-0.057295800000000015,0.057295800000000015,0.0,-176.5856556,-2.2345362,-50.64375762
28.160000000000004,2816,-0.04,0.066,1.014,-0.057295800000000015,0.0,0.0,-176.5856556,-2.24026578,-50.64375762
28.17,2817,-0.04,0.066,1.015,0.0,0.0,0.0,-176.5856556,-2.24026578,-50.64375762
28.180000000000003,2818,-0.04,0.068,1.016,0.0,0.057295800000000015,0.0,-176.5856556,-2.24026578,-50.64375762
28.19,2819,-0.04,0.068,1.0170000000000001,0.0,0.057295800000000015,0.0,-176.5856556,-2.24026578,-50.64375762
28.200000000000003,2820,-0.039,0.068,1.018,0.0,0.1718874,0.0,-176.57419644,-2.2345362,-50.64375762
28.21,2821,-0.04,0.068,1.0170000000000001,-0.057295800000000015,0.1718874,0.0,-176.57992602,-2.24026578,-50.64375762
28.220000000000002,2822,-0.040999999999999995,0.068,1.0170000000000001,-0.057295800000000015,0.2291832000000001,0.0,-176.57992602,-2.24026578,-50.64375762
28.23,2823,-0.04,0.067,1.0170000000000001,-0.11459160000000004,0.2291832000000001,0.0,-176.57992602,-2.24599536,-50.64375762
28.240000000000002,2824,-0.039,0.068,1.015,-0.057295800000000015,0.2291832000000001,-0.057295800000000015,-176.57992602,-2.24599536,-50.64375762
28.250000000000004,2825,-0.04,0.068,1.016,-0.057295800000000015,0.2291832000000001,0.0,-176.57419644,-2.24599536,-50.64375762
28.26,2826,-0.039,0.069,1.016,-0.057295800000000015,0.2291832000000001,0.0,-176.57419644,-2.24599536,-50.64375762
28.270000000000003,2827,-0.04,0.068,1.016,0.0,0.286479,0.0,-176.57419644,-2.25172494,-50.64375762
28.28,2828,-0.04,0.069,1.014,0.0,0.286479,0.0,-176.57419644,-2.25172494,-50.64375762
28.290000000000003,2829,-0.04,0.069,1.013,0.0,0.1718874,0.0,-176.57419644,-2.25745452,-50.6494872
28.3,2830,-0.04,0.068,1.013,0.0,0.057295800000000015,0.0,-176.57419644,-2.25745452,-50.6494872
28.310000000000002,2831,-0.040999999999999995,0.067,1.014,-0.057295800000000015,0.0,0.0,-176.57419644,-2.25745452,-50.6494872
28.320000000000004,2832,-0.04,0.067,1.015,-0.11459160000000004,0.0,0.0,-176.57419644,-2.25745452,-50.64375762
28.330000000000002,2833,-0.040999999999999995,0.066,1.013,-0.057295800000000015,0.0,-0.057295800000000015,-176.57419644,-2.25745452,-50.64375762
28.340000000000003,2834,-0.040999999999999995,0.065,1.013,0.0,-0.057295800000000015,0.0,-176.57419644,-2.25745452,-50.64375762
28.35,2835,-0.04,0.065,1.015,0.0,-0.057295800000000015,0.0,-176.57992602,-2.25745452,-50.64375762
28.360000000000003,2836,-0.039,0.066,1.015,-0.057295800000000015,-0.11459160000000004,0.0,-176.57992602,-2.25172494,-50.64375762
28.37,2837,-0.04,0.066,1.0170000000000001,-0.057295800000000015,-0.11459160000000004,0.0,-176.57992602,-2.25172494,-50.64375762
28.380000000000003,2838,-0.04,0.064,1.016,-0.1718874,-0.11459160000000004,0.0,-176.57992602,-2.25172494,-50.64375762
28.39,2839,-0.04,0.065,1.016,-0.11459160000000004,-0.1718874,0.057295800000000015,-176.57992602,-2.25172494,-50.64375762
28.400000000000002,2840,-0.040999999999999995,0.067,1.015,-0.057295800000000015,-0.1718874,0.0,-176.57992602,-2.24599536,-50.64375762
28.410000000000004,2841,-0.04,0.067,1.016,-0.057295800000000015,-0.2291832000000001,0.0,-176.5856556,-2.24599536,-50.64375762
28.42,2842,-0.04,0.067,1.0170000000000001,-0.057295800000000015,-0.1718874,0.0,-176.5856556,-2.24026578,-50.64375762
28.430000000000003,2843,-0.039,0.066,1.0170000000000001,-0.2291832000000001,0.0,0.0,-176.5856556,-2.24026578,-50.64375762
28.44,2844,-0.039,0.066,1.015,-0.11459160000000004,0.0,0.0,-176.5856556,-2.24026578,-50.6494872
28.450000000000003,2845,-0.039,0.066,1.014,-0.11459160000000004,0.057295800000000015,0.057295800000000015,-176.5856556,-2.24026578,-50.6494872
28.46,2846,-0.039,0.067,1.014,-0.11459160000000004,0.057295800000000015,0.0,-176.59138518,-2.24026578,-50.6494872
28.470000000000002,2847,-0.038,0.067,1.013,-0.1718874,0.2291832000000001,0.0,-176.59138518,-2.24599536,-50.6494872
28.48,2848,-0.04,0.066,1.012,-0.057295800000000015,0.11459160000000004,0.057295800000000015,-176.59138518,-2.24599536,-50.6494872
28.490000000000002,2849,-0.04,0.067,1.013,0.0,0.0,0.0,-176.59138518,-2.24599536,-50.6494872
28.500000000000004,2850,-0.040999999999999995,0.068,1.014,-0.057295800000000015,0.0,0.0,-176.57419644,-2.25172494,-50.6494872
28.51,2851,-0.039,0.068,1.016,-0.057295800000000015,-0.057295800000000015,0.0,-176.57992602,-2.25172494,-50.6494872
28.520000000000003,2852,-0.039,0.069,1.018,-0.11459160000000004,-0.1718874,0.0,-176.57992602,-2.25172494,-50.6494872
28.53,2853,-0.04,0.069,1.018,-0.057295800000000015,-0.11459160000000004,0.0,-176.57992602,-2.24599536,-50.6494872
28.540000000000003,2854,-0.04,0.068,1.016,0.0,0.0,0.0,-176.57992602,-2.24599536,-50.6494872
28.55,2855,-0.039,0.067,1.014,0.0,0.1718874,0.0,-176.57992602,-2.24599536,-50.6494872
28.560000000000002,2856,-0.039,0.066,1.016,-0.11459160000000004,0.2291832000000001,0.0,-176.5856556,-2.24599536,-50.6494872
28.570000000000004,2857,-0.040999999999999995,0.066,1.0170000000000001,-0.11459160000000004,0.286479,0.0,-176.5856556,-2.25172494,-50.6494872
28.580000000000002,2858,-0.04,0.066,1.016,-0.11459160000000004,0.1718874,0.0,-176.5856556,-2.25172494,-50.6494872
28.590000000000003,2859,-0.04,0.066,1.016,0.0,0.057295800000000015,0.0,-176.5856556,-2.25172494,-50.6494872
28.6,2860,-0.04,0.066,1.016,0.11459160000000004,-0.057295800000000015,-0.057295800000000015,-176.5856556,-2.25745452,-50.6494872
28.610000000000003,2861,-0.04,0.066,1.015,0.057295800000000015,0.0,0.0,-176.5856556,-2.25745452,-50.6494872
28.62,2862,-0.04,0.066,1.014,0.0,0.0,-0.057295800000000015,-176.5856556,-2.25745452,-50.6494872
28.630000000000003,2863,-0.04,0.066,1.013,0.0,0.057295800000000015,0.0,-176.5856556,-2.25745452,-50.6494872
28.64,2864,-0.04,0.066,1.014,0.0,0.057295800000000015,0.0,-176.5856556,-2.25745452,-50.6494872
28.650000000000002,2865,-0.04,0.066,1.016,-0.057295800000000015,0.057295800000000015,-0.057295800000000015,-176.5856556,-2.2631841,-50.6494872
28.660000000000004,2866,-0.04,0.067,1.016,0.0,0.0,-0.057295800000000015,-176.5856556,-2.2631841,-50.6494872
28.67,2867,-0.040999999999999995,0.067,1.014,-0.057295800000000015,0.0,0.0,-176.5856556,-2.2631841,-50.64375762
28.680000000000003,2868,-0.040999999999999995,0.065,1.015,-0.11459160000000004,0.057295800000000015,0.0,-176.59138518,-2.2631841,-50.64375762
28.69,2869,-0.040999999999999995,0.066,1.013,-0.11459160000000004,0.11459160000000004,0.0,-176.59138518,-2.2631841,-50.64375762
28.700000000000003,2870,-0.040999999999999995,0.066,1.014,-0.057295800000000015,0.057295800000000015,0.0,-176.5856556,-2.25745452,-50.64375762
28.71,2871,-0.040999999999999995,0.066,1.013,0.0,0.0,0.0,-176.5856556,-2.25745452,-50.64375762
28.720000000000002,2872,-0.04,0.066,1.014,0.0,-0.1718874,0.0,-176.5856556,-2.25745452,-50.64375762
28.73,2873,-0.040999999999999995,0.067,1.014,0.11459160000000004,-0.11459160000000004,0.0,-176.5856556,-2.25172494,-50.64375762
28.740000000000002,2874,-0.040999999999999995,0.067,1.015,0.057295800000000015,-0.1718874,0.0,-176.5856556,-2.25172494,-50.64375762
28.750000000000004,2875,-0.04,0.066,1.014,0.11459160000000004,-0.2291832000000001,0.0,-176.5856556,-2.25172494,-50.64375762
28.76,2876,-0.04,0.067,1.016,0.11459160000000004,-0.4583664000000001,0.0,-176.5856556,-2.24599536,-50.64375762
28.770000000000003,2877,-0.04,0.067,1.016,0.057295800000000015,-0.286479,0.0,-176.5856556,-2.24026578,-50.64375762
28.78,2878,-0.039,0.066,1.016,0.0,-0.11459160000000004,0.0,-176.5856556,-2.24026578,-50.64375762
28.790000000000003,2879,-0.039,0.066,1.016,0.0,0.0,0.0,-176.5856556,-2.24026578,-50.64375762
28.8,2880,-0.04,0.066,1.015,-0.057295800000000015,0.057295800000000015,0.0,-176.59138518,-2.24599536,-50.64375762
28.810000000000002,2881,-0.040999999999999995,0.066,1.015,0.0,0.0,0.0,-176.59138518,-2.24599536,-50.64375762
28.820000000000004,2882,-0.039,0.065,1.013,0.0,0.0,0.0,-176.59138518,-2.24599536,-50.64375762
28.830000000000002,2883,-0.039,0.065,1.015,-0.057295800000000015,0.0,0.0,-176.59138518,-2.24599536,-50.64375762
28.840000000000003,2884,-0.04,0.066,1.014,0.0,-0.11459160000000004,0.0,-176.59138518,-2.24026578,-50.64375762
28.85,2885,-0.04,0.065,1.015,0.0,-0.057295800000000015,0.0,-176.6143035,-2.24599536,-50.63802804
28.860000000000003,2886,-0.04,0.065,1.014,0.0,-0.057295800000000015,0.0,-176.6143035,-2.24599536,-50.63802804
28.87,2887,-0.04,0.065,1.014,0.0,-0.057295800000000015,0.0,-176.6143035,-2.24026578,-50.63802804
28.880000000000003,2888,-0.04,0.065,1.014,0.0,-0.057295800000000015,0.0,-176.6143035,-2.24026578,-50.63802804
28.89,2889,-0.04,0.065,1.015,0.0,0.0,0.0,-176.6143035,-2.24026578,-50.63802804
28.900000000000002,2890,-0.04,0.066,1.0170000000000001,0.0,0.0,0.0,-176.62003308,-2.24026578,-50.63802804
28.910000000000004,2891,-0.04,0.066,1.0170000000000001,-0.057295800000000015,0.057295800000000015,0.0,-176.62003308,-2.24599536,-50.63802804
28.92,2892,-0.04,0.067,1.018,0.0,0.057295800000000015,0.0,-176.62003308,-2.24599536,-50.63802804
28.930000000000003,2893,-0.04,0.067,1.018,-0.11459160000000004,0.2291832000000001,0.0,-176.62003308,-2.24599536,-50.64375762
28.94,2894,-0.04,0.066,1.016,-0.11459160000000004,0.2291832000000001,0.0,-176.62003308,-2.25172494,-50.64375762
28.950000000000003,2895,-0.04,0.068,1.015,-0.057295800000000015,0.2291832000000001,0.0,-176.62003308,-2.25745452,-50.64375762
28.96,2896,-0.04,0.066,1.015,0.0,0.40107059999999994,0.0,-176.62003308,-2.2631841,-50.64375762
28.970000000000002,2897,-0.04,0.066,1.014,-0.057295800000000015,0.286479,0.0,-176.62003308,-2.2631841,-50.64375762
28.98,2898,-0.04,0.067,1.014,-0.057295800000000015,0.286479,0.0,-176.62003308,-2.26891368,-50.64375762
28.990000000000002,2899,-0.040999999999999995,0.066,1.014,0.0,0.2291832000000001,0.0,-176.62003308,-2.26891368,-50.64375762
29.000000000000004,2900,-0.040999999999999995,0.065,1.014,0.0,0.1718874,0.0,-176.62003308,-2.2746432600000004,-50.64375762
29.01,2901,-0.04,0.066,1.014,0.057295800000000015,0.11459160000000004,0.057295800000000015,-176.6143035,-2.2746432600000004,-50.64375762
29.020000000000003,2902,-0.040999999999999995,0.066,1.016,0.0,0.1718874,0.0,-176.6143035,-2.2746432600000004,-50.64375762
29.03,2903,-0.040999999999999995,0.067,1.015,0.0,0.1718874,0.0,-176.6143035,-2.28037284,-50.64375762
29.040000000000003,2904,-0.040999999999999995,0.067,1.016,0.057295800000000015,0.11459160000000004,0.0,-176.6143035,-2.28037284,-50.64375762
29.05,2905,-0.040999999999999995,0.066,1.016,0.0,0.1718874,0.0,-176.6143035,-2.28037284,-50.64375762
29.060000000000002,2906,-0.040999999999999995,0.066,1.015,0.0,0.1718874,0.057295800000000015,-176.6143035,-2.28610242,-50.64375762
29.070000000000004,2907,-0.040999999999999995,0.066,1.016,0.0,0.057295800000000015,0.0,-176.6143035,-2.28610242,-50.64375762
29.080000000000002,2908,-0.040999999999999995,0.064,1.015,0.0,0.11459160000000004,0.0,-176.6143035,-2.28610242,-50.64375762
29.090000000000003,2909,-0.040999999999999995,0.066,1.015,0.0,0.0,0.0,-176.6143035,-2.28610242,-50.64375762
29.1,2910,-0.040999999999999995,0.065,1.015,0.0,-0.057295800000000015,0.0,-176.6143035,-2.2918320000000003,-50.64375762
29.110000000000003,2911,-0.040999999999999995,0.065,1.016,0.0,0.0,0.0,-176.6143035,-2.2918320000000003,-50.64375762
29.12,2912,-0.040999999999999995,0.065,1.015,0.0,0.0,0.0,-176.6143035,-2.2918320000000003,-50.64375762
29.130000000000003,2913,-0.040999999999999995,0.065,1.016,0.0,0.0,0.0,-176.6143035,-2.2918320000000003,-50.64375762
29.14,2914,-0.040999999999999995,0.066,1.013,0.0,0.0,0.0,-176.6143035,-2.2918320000000003,-50.64375762
29.150000000000002,2915,-0.04,0.065,1.014,0.0,0.0,0.0,-176.62576266000005,-2.28037284,-50.64375762
29.160000000000004,2916,-0.04,0.065,1.014,0.0,0.11459160000000004,0.057295800000000015,-176.62576266000005,-2.28037284,-50.64375762
29.17,2917,-0.040999999999999995,0.064,1.013,0.057295800000000015,-0.057295800000000015,0.0,-176.62003308,-2.28037284,-50.64375762
29.180000000000003,2918,-0.040999999999999995,0.064,1.014,0.11459160000000004,-0.1718874,0.0,-176.62003308,-2.2746432600000004,-50.64375762
29.19,2919,-0.04,0.064,1.015,0.0,-0.11459160000000004,0.0,-176.62003308,-2.2746432600000004,-50.64375762
29.200000000000003,2920,-0.040999999999999995,0.066,1.016,0.0,-0.11459160000000004,0.0,-176.62003308,-2.2746432600000004,-50.64375762
29.21,2921,-0.040999999999999995,0.065,1.018,-0.057295800000000015,-0.1718874,0.057295800000000015,-176.62003308,-2.26891368,-50.64375762
29.220000000000002,2922,-0.040999999999999995,0.066,1.016,0.0,-0.1718874,0.11459160000000004,-176.62003308,-2.26891368,-50.6494872
29.23,2923,-0.04,0.066,1.015,0.0,0.0,0.0,-176.62003308,-2.26891368,-50.6494872
29.240000000000002,2924,-0.04,0.065,1.014,0.0,0.057295800000000015,0.0,-176.62003308,-2.26891368,-50.6494872
29.250000000000004,2925,-0.04,0.064,1.014,0.0,0.0,0.0,-176.63722182,-2.28037284,-50.6494872
29.26,2926,-0.040999999999999995,0.066,1.015,-0.057295800000000015,0.0,0.0,-176.63722182,-2.28037284,-50.6494872
29.270000000000003,2927,-0.040999999999999995,0.064,1.016,0.057295800000000015,-0.1718874,0.057295800000000015,-176.63722182,-2.2746432600000004,-50.6494872
29.28,2928,-0.040999999999999995,0.065,1.016,0.11459160000000004,-0.286479,0.0,-176.63149224,-2.2746432600000004,-50.6494872
29.290000000000003,2929,-0.04,0.065,1.016,0.2291832000000001,-0.3437748,0.057295800000000015,-176.63149224,-2.26891368,-50.6494872
29.3,2930,-0.040999999999999995,0.065,1.0170000000000001,0.11459160000000004,-0.286479,0.0,-176.63149224,-2.26891368,-50.6494872
29.310000000000002,2931,-0.040999999999999995,0.066,1.015,0.057295800000000015,-0.1718874,0.0,-176.63149224,-2.2631841,-50.6494872
29.320000000000004,2932,-0.04,0.064,1.014,0.057295800000000015,-0.11459160000000004,0.0,-176.62576266000005,-2.2631841,-50.6494872
29.330000000000002,2933,-0.040999999999999995,0.066,1.015,0.1718874,-0.11459160000000004,0.0,-176.62576266000005,-2.2631841,-50.6494872
29.340000000000003,2934,-0.04,0.067,1.014,0.11459160000000004,-0.057295800000000015,0.057295800000000015,-176.62576266000005,-2.2631841,-50.6494872
29.35,2935,-0.040999999999999995,0.066,1.014,0.1718874,-0.11459160000000004,0.0,-176.62003308,-2.2631841,-50.6494872
29.360000000000003,2936,-0.042,0.067,1.015,0.1718874,-0.11459160000000004,0.0,-176.62003308,-2.2631841,-50.6494872
29.37,2937,-0.04,0.066,1.014,0.057295800000000015,-0.11459160000000004,-0.057295800000000015,-176.62003308,-2.2631841,-50.6494872
29.380000000000003,2938,-0.04,0.066,1.014,0.057295800000000015,-0.057295800000000015,0.0,-176.62003308,-2.2631841,-50.6494872
29.39,2939,-0.04,0.066,1.013,0.1718874,-0.1718874,0.0,-176.6143035,-2.25745452,-50.6494872
29.400000000000002,2940,-0.04,0.067,1.014,0.11459160000000004,-0.057295800000000015,0.0,-176.60284434,-2.25745452,-50.6494872
29.410000000000004,2941,-0.040999999999999995,0.067,1.015,0.1718874,-0.11459160000000004,-0.057295800000000015,-176.60284434,-2.25745452,-50.6494872
29.42,2942,-0.04,0.067,1.016,0.2291832000000001,-0.2291832000000001,-0.057295800000000015,-176.60284434,-2.25172494,-50.6494872
29.430000000000003,2943,-0.04,0.065,1.016,0.1718874,-0.11459160000000004,0.0,-176.59711476,-2.25172494,-50.64375762
29.44,2944,-0.040999999999999995,0.066,1.0170000000000001,0.2291832000000001,-0.1718874,0.0,-176.59711476,-2.25172494,-50.64375762
29.450000000000003,2945,-0.04,0.066,1.0170000000000001,0.1718874,-0.1718874,0.0,-176.59711476,-2.25172494,-50.64375762
29.46,2946,-0.040999999999999995,0.066,1.0170000000000001,0.1718874,-0.11459160000000004,0.0,-176.59711476,-2.24599536,-50.64375762
29.470000000000002,2947,-0.040999999999999995,0.064,1.015,0.1718874,-0.057295800000000015,-0.057295800000000015,-176.59138518,-2.24599536,-50.64375762
29.48,2948,-0.04,0.065,1.016,0.1718874,0.057295800000000015,-0.057295800000000015,-176.59138518,-2.24599536,-50.64375762
29.490000000000002,2949,-0.040999999999999995,0.064,1.015,0.11459160000000004,0.057295800000000015,0.0,-176.59138518,-2.25172494,-50.64375762
29.500000000000004,2950,-0.040999999999999995,0.064,1.015,0.0,0.0,0.0,-176.59711476,-2.25172494,-50.64375762
29.51,2951,-0.040999999999999995,0.064,1.014,0.0,0.0,0.0,-176.60284434,-2.25172494,-50.64375762
29.520000000000003,2952,-0.040999999999999995,0.064,1.014,0.0,-0.057295800000000015,0.0,-176.60284434,-2.25172494,-50.64375762
29.53,2953,-0.04,0.064,1.015,0.0,-0.057295800000000015,0.0,-176.60284434,-2.25172494,-50.64375762
29.540000000000003,2954,-0.040999999999999995,0.064,1.015,0.0,0.0,0.0,-176.60284434,-2.25172494,-50.64375762
29.55,2955,-0.040999999999999995,0.065,1.015,0.0,0.0,0.0,-176.6143035,-2.25745452,-50.64375762
29.560000000000002,2956,-0.040999999999999995,0.064,1.015,0.0,-0.057295800000000015,0.0,-176.6143035,-2.25172494,-50.64375762
29.570000000000004,2957,-0.04,0.064,1.016,0.0,0.0,0.0,-176.6143035,-2.25172494,-50.64375762
29.580000000000002,2958,-0.04,0.066,1.015,0.0,0.0,0.0,-176.6143035,-2.25172494,-50.64375762
29.590000000000003,2959,-0.040999999999999995,0.065,1.016,0.0,0.0,0.0,-176.6143035,-2.25172494,-50.63802804
29.6,2960,-0.040999999999999995,0.067,1.016,0.0,0.057295800000000015,0.0,-176.60284434,-2.2631841,-50.64375762
29.610000000000003,2961,-0.040999999999999995,0.067,1.016,0.0,0.11459160000000004,0.0,-176.60284434,-2.2631841,-50.64375762
29.62,2962,-0.04,0.068,1.014,-0.057295800000000015,0.057295800000000015,0.0,-176.60284434,-2.2631841,-50.64375762
29.630000000000003,2963,-0.04,0.066,1.015,-0.057295800000000015,0.0,0.0,-176.60284434,-2.2631841,-50.64375762
29.64,2964,-0.04,0.067,1.014,-0.057295800000000015,0.0,0.0,-176.60857392,-2.2631841,-50.64375762
29.650000000000002,2965,-0.040999999999999995,0.069,1.014,0.0,0.0,0.0,-176.60284434,-2.2746432600000004,-50.64375762
29.660000000000004,2966,-0.04,0.068,1.014,-0.057295800000000015,0.057295800000000015,0.0,-176.60284434,-2.2746432600000004,-50.64375762
29.67,2967,-0.04,0.067,1.013,0.0,0.0,0.0,-176.60284434,-2.2746432600000004,-50.64375762
29.680000000000003,2968,-0.04,0.067,1.013,0.0,-0.057295800000000015,0.0,-176.60284434,-2.26891368,-50.64375762
29.69,2969,-0.04,0.067,1.014,0.057295800000000015,-0.11459160000000004,0.0,-176.60284434,-2.26891368,-50.64375762
29.700000000000003,2970,-0.04,0.067,1.014,0.11459160000000004,0.0,-0.057295800000000015,-176.59138518,-2.2631841,-50.64375762
29.71,2971,-0.040999999999999995,0.066,1.015,0.057295800000000015,0.0,-0.057295800000000015,-176.5856556,-2.2631841,-50.64375762
29.720000000000002,2972,-0.04,0.067,1.016,0.11459160000000004,-0.057295800000000015,0.0,-176.5856556,-2.2631841,-50.64375762
29.73,2973,-0.040999999999999995,0.067,1.016,0.0,0.0,0.0,-176.5856556,-2.2631841,-50.64375762
29.740000000000002,2974,-0.040999999999999995,0.066,1.0170000000000001,0.0,0.057295800000000015,0.0,-176.5856556,-2.2631841,-50.64375762
29.750000000000004,2975,-0.04,0.066,1.015,0.0,0.0,0.0,-176.59711476,-2.2631841,-50.64375762
29.76,2976,-0.04,0.065,1.016,0.0,0.0,0.057295800000000015,-176.59711476,-2.2631841,-50.64375762
29.770000000000003,2977,-0.040999999999999995,0.066,1.016,0.057295800000000015,0.0,0.0,-176.59711476,-2.2631841,-50.64375762
29.78,2978,-0.040999999999999995,0.066,1.016,0.0,-0.11459160000000004,0.0,-176.59711476,-2.2631841,-50.64375762
29.790000000000003,2979,-0.040999999999999995,0.066,1.015,-0.057295800000000015,0.0,0.0,-176.59711476,-2.2631841,-50.64375762
29.8,2980,-0.04,0.064,1.014,0.0,0.0,0.0,-176.6143035,-2.2631841,-50.64375762
29.810000000000002,2981,-0.040999999999999995,0.065,1.014,-0.057295800000000015,0.0,-0.057295800000000015,-176.6143035,-2.2631841,-50.64375762
29.820000000000004,2982,-0.04,0.065,1.015,0.0,0.057295800000000015,0.0,-176.6143035,-2.2631841,-50.64375762
29.830000000000002,2983,-0.039,0.064,1.014,0.0,0.11459160000000004,0.0,-176.6143035,-2.26891368,-50.64375762
29.840000000000003,2984,-0.040999999999999995,0.065,1.014,0.0,0.2291832000000001,0.057295800000000015,-176.6143035,-2.26891368,-50.64375762
29.85,2985,-0.040999999999999995,0.064,1.011,0.057295800000000015,0.0,0.0,-176.62003308,-2.2746432600000004,-50.64375762
29.860000000000003,2986,-0.040999999999999995,0.065,1.014,0.057295800000000015,0.0,0.0,-176.62003308,-2.2746432600000004,-50.64375762
29.87,2987,-0.040999999999999995,0.066,1.016,0.0,-0.057295800000000015,0.0,-176.62003308,-2.2746432600000004,-50.64375762
29.880000000000003,2988,-0.04,0.066,1.0170000000000001,0.0,-0.1718874,0.057295800000000015,-176.62003308,-2.2746432600000004,-50.64375762
29.89,2989,-0.040999999999999995,0.068,1.018,-0.057295800000000015,-0.11459160000000004,0.057295800000000015,-176.62003308,-2.26891368,-50.64375762
29.900000000000002,2990,-0.04,0.068,1.018,-0.1718874,-0.11459160000000004,0.057295800000000015,-176.6143035,-2.26891368,-50.64375762
29.910000000000004,2991,-0.04,0.068,1.015,-0.11459160000000004,0.0,0.0,-176.6143035,-2.26891368,-50.64375762
29.92,2992,-0.04,0.066,1.014,-0.11459160000000004,0.11459160000000004,0.0,-176.62003308,-2.26891368,-50.64375762
29.930000000000003,2993,-0.039,0.065,1.015,-0.11459160000000004,0.1718874,0.0,-176.62003308,-2.26891368,-50.64375762
29.94,2994,-0.04,0.066,1.016,-0.057295800000000015,0.1718874,0.0,-176.62003308,-2.2746432600000004,-50.64375762
29.950000000000003,2995,-0.04,0.067,1.016,-0.057295800000000015,0.11459160000000004,0.0,-176.6143035,-2.26891368,-50.64375762
29.96,2996,-0.04,0.067,1.016,0.0,0.0,0.057295800000000015,-176.6143035,-2.26891368,-50.64375762
29.970000000000002,2997,-0.040999999999999995,0.066,1.016,0.057295800000000015,-0.11459160000000004,0.057295800000000015,-176.6143035,-2.26891368,-50.6494872
29.98,2998,-0.04,0.066,1.015,0.057295800000000015,-0.057295800000000015,0.057295800000000015,-176.60857392,-2.26891368,-50.6494872
29.990000000000002,2999,-0.04,0.067,1.015,0.057295800000000015,0.0,0.057295800000000015,-176.60857392,-2.26891368,-50.6494872
30.000000000000004,3000,-0.04,0.068,1.014,-0.057295800000000015,0.0,0.057295800000000015,-176.60284434,-2.26891368,-50.6494872
30.01,3001,-0.039,0.067,1.014,-0.057295800000000015,0.0,0.0,-176.60284434,-2.26891368,-50.6494872
30.020000000000003,3002,-0.04,0.067,1.014,0.0,0.0,0.0,-176.60284434,-2.26891368,-50.6494872
30.03,3003,-0.04,0.067,1.015,0.0,0.0,0.0,-176.60284434,-2.26891368,-50.6494872
30.040000000000003,3004,-0.040999999999999995,0.067,1.015,0.0,0.0,0.057295800000000015,-176.60284434,-2.26891368,-50.6494872
30.05,3005,-0.04,0.068,1.015,-0.057295800000000015,0.057295800000000015,0.0,-176.59711476,-2.26891368,-50.6494872
30.060000000000002,3006,-0.039,0.068,1.014,0.0,0.0,0.0,-176.59711476,-2.26891368,-50.6494872
30.070000000000004,3007,-0.04,0.067,1.014,0.057295800000000015,-0.057295800000000015,0.0,-176.59711476,-2.2631841,-50.6494872
30.080000000000002,3008,-0.04,0.067,1.015,0.11459160000000004,-0.11459160000000004,0.0,-176.59711476,-2.2631841,-50.6494872
30.090000000000003,3009,-0.04,0.066,1.016,0.11459160000000004,-0.1718874,0.0,-176.59711476,-2.2631841,-50.6494872
30.1,3010,-0.04,0.067,1.015,0.057295800000000015,-0.2291832000000001,-0.057295800000000015,-176.59138518,-2.25745452,-50.6494872
30.110000000000003,3011,-0.039,0.066,1.0170000000000001,0.057295800000000015,-0.11459160000000004,0.0,-176.59138518,-2.25745452,-50.6494872
30.12,3012,-0.039,0.066,1.0170000000000001,0.057295800000000015,0.0,0.0,-176.59138518,-2.25745452,-50.6494872
30.130000000000003,3013,-0.04,0.066,1.016,0.057295800000000015,-0.057295800000000015,0.0,-176.5856556,-2.25745452,-50.6494872
30.14,3014,-0.04,0.066,1.0170000000000001,0.0,0.0,-0.057295800000000015,-176.5856556,-2.25745452,-50.6494872
30.150000000000002,3015,-0.04,0.066,1.015,0.0,0.11459160000000004,0.0,-176.5856556,-2.25745452,-50.6494872
30.160000000000004,3016,-0.04,0.066,1.014,0.0,0.11459160000000004,-0.057295800000000015,-176.5856556,-2.25745452,-50.6494872
30.17,3017,-0.04,0.066,1.016,-0.057295800000000015,0.1718874,0.0,-176.5856556,-2.2631841,-50.6494872
30.180000000000003,3018,-0.039,0.065,1.015,-0.11459160000000004,0.286479,0.0,-176.5856556,-2.2631841,-50.6494872
30.19,3019,-0.039,0.065,1.013,-0.11459160000000004,0.11459160000000004,0.0,-176.59138518,-2.2631841,-50.6494872
30.200000000000003,3020,-0.039,0.065,1.015,-0.11459160000000004,0.057295800000000015,-0.057295800000000015,-176.59711476,-2.2631841,-50.64375762
30.21,3021,-0.039,0.066,1.014,-0.057295800000000015,0.057295800000000015,0.0,-176.59711476,-2.26891368,-50.64375762
30.220000000000002,3022,-0.04,0.065,1.015,-0.11459160000000004,0.057295800000000015,0.0,-176.59711476,-2.26891368,-50.64375762
30.23,3023,-0.04,0.065,1.014,-0.11459160000000004,0.057295800000000015,0.0,-176.59711476,-2.26891368,-50.64375762
30.240000000000002,3024,-0.04,0.066,1.015,-0.11459160000000004,0.0,0.0,-176.60284434,-2.26891368,-50.64375762
30.250000000000004,3025,-0.039,0.066,1.016,0.0,0.0,0.0,-176.59711476,-2.25745452,-50.64375762
30.26,3026,-0.04,0.067,1.016,-0.057295800000000015,0.057295800000000015,0.0,-176.59711476,-2.25745452,-50.64375762
30.270000000000003,3027,-0.039,0.067,1.018,-0.057295800000000015,0.1718874,0.0,-176.59711476,-2.25745452,-50.64375762
30.28,3028,-0.04,0.067,1.0170000000000001,-0.11459160000000004,0.286479,0.0,-176.59711476,-2.2631841,-50.64375762
30.290000000000003,3029,-0.040999999999999995,0.068,1.015,-0.11459160000000004,0.286479,-0.057295800000000015,-176.59711476,-2.26891368,-50.64375762
30.3,3030,-0.04,0.068,1.014,-0.11459160000000004,0.2291832000000001,-0.057295800000000015,-176.60284434,-2.26891368,-50.64375762
30.310000000000002,3031,-0.040999999999999995,0.069,1.015,-0.057295800000000015,0.1718874,0.0,-176.60284434,-2.26891368,-50.64375762
30.320000000000004,3032,-0.04,0.067,1.014,-0.11459160000000004,0.057295800000000015,-0.057295800000000015,-176.60284434,-2.26891368,-50.64375762
30.330000000000002,3033,-0.04,0.068,1.015,-0.11459160000000004,0.057295800000000015,0.0,-176.60284434,-2.26891368,-50.64375762
30.340000000000003,3034,-0.04,0.067,1.013,-0.057295800000000015,0.057295800000000015,0.0,-176.60284434,-2.2746432600000004,-50.64375762
30.35,3035,-0.04,0.068,1.012,-0.057295800000000015,0.0,-0.057295800000000015,-176.60284434,-2.2746432600000004,-50.64375762
30.360000000000003,3036,-0.04,0.067,1.013,0.0,0.0,-0.057295800000000015,-176.60284434,-2.2746432600000004,-50.64375762
30.37,3037,-0.04,0.066,1.014,0.0,-0.057295800000000015,0.0,-176.60284434,-2.26891368,-50.64375762
30.380000000000003,3038,-0.04,0.066,1.015,0.0,0.0,0.0,-176.60284434,-2.26891368,-50.64375762
30.39,3039,-0.04,0.066,1.016,0.0,0.0,-0.057295800000000015,-176.59711476,-2.26891368,-50.64375762
30.400000000000002,3040,-0.04,0.066,1.0170000000000001,0.0,-0.057295800000000015,0.0,-176.59711476,-2.2631841,-50.64375762
30.410000000000004,3041,-0.04,0.066,1.018,0.0,0.0,0.0,-176.59711476,-2.2631841,-50.64375762
30.42,3042,-0.04,0.066,1.018,-0.057295800000000015,0.0,0.0,-176.60284434,-2.2631841,-50.64375762
30.430000000000003,3043,-0.04,0.066,1.0170000000000001,-0.057295800000000015,0.0,0.0,-176.60284434,-2.2631841,-50.64375762
30.44,3044,-0.040999999999999995,0.066,1.016,-0.057295800000000015,0.0,0.0,-176.60284434,-2.2631841,-50.64375762
30.450000000000003,3045,-0.04,0.066,1.015,-0.057295800000000015,-0.1718874,0.0,-176.60284434,-2.25745452,-50.64375762
30.46,3046,-0.039,0.067,1.016,0.0,-0.1718874,0.0,-176.60284434,-2.25745452,-50.64375762
30.470000000000002,3047,-0.039,0.066,1.015,-0.057295800000000015,-0.057295800000000015,0.0,-176.60857392,-2.25745452,-50.63802804
30.48,3048,-0.039,0.066,1.014,-0.057295800000000015,0.0,0.0,-176.60857392,-2.25745452,-50.63802804
30.490000000000002,3049,-0.04,0.066,1.013,-0.057295800000000015,0.0,0.0,-176.60857392,-2.25745452,-50.63802804
30.500000000000004,3050,-0.04,0.067,1.014,-0.11459160000000004,0.0,0.0,-176.59711476,-2.25745452,-50.63802804
30.51,3051,-0.04,0.066,1.014,-0.057295800000000015,0.0,0.0,-176.60284434,-2.25745452,-50.63802804
30.520000000000003,3052,-0.039,0.066,1.015,-0.057295800000000015,0.11459160000000004,0.0,-176.60284434,-2.25745452,-50.63802804
30.53,3053,-0.04,0.065,1.013,0.057295800000000015,0.0,0.0,-176.60284434,-2.25745452,-50.63802804
30.540000000000003,3054,-0.039,0.065,1.013,0.057295800000000015,-0.057295800000000015,0.0,-176.59711476,-2.25745452,-50.63802804
30.55,3055,-0.040999999999999995,0.066,1.016,0.0,-0.057295800000000015,0.0,-176.59138518,-2.25745452,-50.63802804
30.560000000000002,3056,-0.04,0.066,1.015,0.0,-0.057295800000000015,0.0,-176.59138518,-2.25745452,-50.64375762
30.570000000000004,3057,-0.04,0.067,1.018,-0.057295800000000015,-0.057295800000000015,0.0,-176.59138518,-2.25745452,-50.63802804
30.580000000000002,3058,-0.040999999999999995,0.067,1.0190000000000001,-0.1718874,-0.057295800000000015,0.0,-176.59711476,-2.25745452,-50.63802804
30.590000000000003,3059,-0.040999999999999995,0.067,1.0170000000000001,-0.11459160000000004,0.0,0.0,-176.59711476,-2.25745452,-50.64375762
30.6,3060,-0.04,0.067,1.015,-0.11459160000000004,0.0,0.0,-176.60284434,-2.24599536,-50.64375762
30.610000000000003,3061,-0.039,0.066,1.014,-0.057295800000000015,0.1718874,0.0,-176.60284434,-2.25172494,-50.64375762
30.62,3062,-0.04,0.064,1.016,-0.11459160000000004,0.1718874,0.0,-176.60284434,-2.25172494,-50.64375762
30.630000000000003,3063,-0.04,0.065,1.015,-0.057295800000000015,0.2291832000000001,0.0,-176.60284434,-2.25745452,-50.64375762
30.64,3064,-0.040999999999999995,0.065,1.016,0.0,0.1718874,0.057295800000000015,-176.60284434,-2.25745452,-50.64375762
30.650000000000002,3065,-0.04,0.065,1.015,0.11459160000000004,0.0,0.057295800000000015,-176.60284434,-2.25172494,-50.64375762
30.660000000000004,3066,-0.040999999999999995,0.066,1.015,0.11459160000000004,-0.11459160000000004,0.057295800000000015,-176.60284434,-2.25172494,-50.64375762
30.67,3067,-0.04,0.066,1.015,0.057295800000000015,0.0,0.0,-176.60284434,-2.25172494,-50.64375762
30.680000000000003,3068,-0.04,0.066,1.015,0.0,0.0,0.0,-176.60284434,-2.25172494,-50.64375762
30.69,3069,-0.04,0.066,1.015,0.0,0.057295800000000015,0.0,-176.60284434,-2.25172494,-50.64375762
30.700000000000003,3070,-0.040999999999999995,0.067,1.014,-0.057295800000000015,0.057295800000000015,0.0,-176.60284434,-2.25172494,-50.64375762
30.71,3071,-0.04,0.067,1.014,-0.057295800000000015,0.057295800000000015,0.0,-176.60284434,-2.25172494,-50.64375762
30.720000000000002,3072,-0.040999999999999995,0.066,1.015,0.0,0.057295800000000015,0.0,-176.60284434,-2.25172494,-50.6494872
30.73,3073,-0.040999999999999995,0.066,1.015,0.0,0.057295800000000015,0.057295800000000015,-176.60284434,-2.25172494,-50.6494872
30.740000000000002,3074,-0.042,0.068,1.014,-0.057295800000000015,0.0,0.0,-176.60284434,-2.25172494,-50.6494872
30.750000000000004,3075,-0.040999999999999995,0.066,1.014,0.0,0.0,0.0,-176.60857392,-2.25172494,-50.6494872
30.76,3076,-0.04,0.066,1.014,0.0,0.0,0.0,-176.60284434,-2.25172494,-50.6494872
30.770000000000003,3077,-0.04,0.067,1.015,0.11459160000000004,-0.057295800000000015,0.0,-176.60284434,-2.25172494,-50.6494872
30.78,3078,-0.040999999999999995,0.066,1.015,0.11459160000000004,-0.057295800000000015,0.0,-176.60284434,-2.24599536,-50.6494872
30.790000000000003,3079,-0.04,0.066,1.016,0.11459160000000004,-0.057295800000000015,0.0,-176.60284434,-2.24599536,-50.6494872
30.8,3080,-0.04,0.066,1.016,0.1718874,-0.057295800000000015,0.0,-176.60284434,-2.24026578,-50.6494872
30.810000000000002,3081,-0.04,0.066,1.015,0.11459160000000004,-0.057295800000000015,0.0,-176.60284434,-2.24026578,-50.6494872
30.820000000000004,3082,-0.040999999999999995,0.066,1.0170000000000001,0.11459160000000004,-0.1718874,0.0,-176.60284434,-2.24026578,-50.6494872
30.830000000000002,3083,-0.04,0.066,1.0170000000000001,0.0,-0.11459160000000004,0.0,-176.60284434,-2.24026578,-50.6494872
30.840000000000003,3084,-0.04,0.066,1.015,0.0,0.0,0.0,-176.60284434,-2.24026578,-50.6494872
30.85,3085,-0.04,0.064,1.0170000000000001,0.0,0.11459160000000004,0.0,-176.60284434,-2.24026578,-50.6494872
30.860000000000003,3086,-0.040999999999999995,0.065,1.015,0.0,0.11459160000000004,0.0,-176.60284434,-2.24026578,-50.6494872
30.87,3087,-0.04,0.064,1.015,0.0,0.11459160000000004,0.0,-176.60284434,-2.24599536,-50.6494872
30.880000000000003,3088,-0.039,0.065,1.015,-0.057295800000000015,0.0,0.0,-176.60284434,-2.24599536,-50.6494872
30.89,3089,-0.04,0.066,1.014,0.0,0.0,0.0,-176.60284434,-2.24599536,-50.6494872
30.900000000000002,3090,-0.040999999999999995,0.064,1.015,0.0,0.0,0.0,-176.6143035,-2.24599536,-50.6494872
30.910000000000004,3091,-0.040999999999999995,0.064,1.015,0.0,0.0,0.0,-176.6143035,-2.24599536,-50.6494872
30.92,3092,-0.040999999999999995,0.065,1.016,0.0,-0.057295800000000015,0.0,-176.6143035,-2.24599536,-50.6494872
30.930000000000003,3093,-0.040999999999999995,0.065,1.014,0.0,0.0,0.0,-176.6143035,-2.24599536,-50.6494872
30.94,3094,-0.04,0.065,1.0170000000000001,0.0,0.0,0.0,-176.6143035,-2.24599536,-50.6494872
30.950000000000003,3095,-0.04,0.065,1.016,0.0,0.057295800000000015,0.0,-176.62003308,-2.24026578,-50.6494872
30.96,3096,-0.040999999999999995,0.065,1.016,0.0,0.11459160000000004,0.0,-176.62003308,-2.24026578,-50.6494872
30.970000000000002,3097,-0.040999999999999995,0.066,1.0170000000000001,-0.11459160000000004,0.1718874,0.0,-176.62003308,-2.24599536,-50.6494872
30.980000000000004,3098,-0.040999999999999995,0.066,1.016,-0.057295800000000015,0.1718874,0.0,-176.62003308,-2.24599536,-50.6494872
30.990000000000002,3099,-0.040999999999999995,0.067,1.015,-0.11459160000000004,0.1718874,0.0,-176.62003308,-2.24599536,-50.6494872
31.000000000000004,3100,-0.040999999999999995,0.066,1.015,-0.1718874,0.1718874,-0.057295800000000015,-176.63149224,-2.25172494,-50.6494872
31.01,3101,-0.042,0.065,1.015,-0.11459160000000004,0.2291832000000001,0.0,-176.63149224,-2.25745452,-50.6494872
31.020000000000003,3102,-0.040999999999999995,0.066,1.015,-0.057295800000000015,0.1718874,0.0,-176.63149224,-2.25745452,-50.6494872
31.03,3103,-0.040999999999999995,0.067,1.014,-0.057295800000000015,0.11459160000000004,0.0,-176.63149224,-2.25745452,-50.6494872
31.040000000000003,3104,-0.040999999999999995,0.067,1.013,0.0,0.11459160000000004,0.0,-176.63149224,-2.2631841,-50.6494872
31.05,3105,-0.040999999999999995,0.066,1.014,0.0,0.0,0.0,-176.63149224,-2.26891368,-50.6494872
31.060000000000002,3106,-0.040999999999999995,0.066,1.015,0.0,0.0,0.0,-176.63149224,-2.26891368,-50.6494872
31.070000000000004,3107,-0.04,0.066,1.015,0.0,-0.057295800000000015,0.0,-176.63149224,-2.26891368,-50.64375762
31.080000000000002,3108,-0.040999999999999995,0.066,1.015,0.0,0.0,0.0,-176.63149224,-2.26891368,-50.64375762
31.090000000000003,3109,-0.04,0.066,1.015,0.0,0.0,0.0,-176.63149224,-2.26891368,-50.64375762
31.1,3110,-0.040999999999999995,0.064,1.015,0.057295800000000015,0.0,-0.057295800000000015,-176.63149224,-2.26891368,-50.64375762
31.110000000000003,3111,-0.040999999999999995,0.065,1.0170000000000001,0.11459160000000004,0.11459160000000004,0.0,-176.63149224,-2.26891368,-50.64375762
31.12,3112,-0.040999999999999995,0.065,1.0170000000000001,0.057295800000000015,0.057295800000000015,-0.057295800000000015,-176.63149224,-2.26891368,-50.64375762
31.130000000000003,3113,-0.040999999999999995,0.065,1.0170000000000001,0.0,0.11459160000000004,0.0,-176.63149224,-2.26891368,-50.64375762
31.14,3114,-0.042,0.066,1.016,0.0,0.0,0.0,-176.63149224,-2.26891368,-50.64375762
31.150000000000002,3115,-0.040999999999999995,0.066,1.015,0.0,-0.057295800000000015,0.0,-176.62576266000005,-2.26891368,-50.64375762
31.160000000000004,3116,-0.040999999999999995,0.066,1.016,-0.057295800000000015,-0.11459160000000004,0.0,-176.62576266000005,-2.26891368,-50.64375762
31.17,3117,-0.04,0.065,1.015,-0.057295800000000015,0.0,0.0,-176.62576266000005,-2.26891368,-50.64375762
