TimeStamp(s),FrameCounter,AccX,AccY,AccZ,GyrX,GyrY,GyrZ,EulerX,EulerY,EulerZ
0.01,1,-0.031,-0.9990000000000001,0.159,-4.4690724,-3.1512689999999997,0.8594370000000001,98.08468002,-3.20283522,-43.62502212
0.02,2,-0.026000000000000002,-0.996,0.171,-4.6409598,-4.7555514,0.1718874,98.03884338,-3.19710564,-43.67085876
0.03,3,-0.026000000000000002,-0.996,0.172,-5.042030400000002,-4.9274388,0.286479,97.99300674,-3.1913760600000005,-43.72242498
0.04,4,-0.024,-0.996,0.17300000000000001,-5.6149884000000005,-4.9847346,0.40107059999999994,97.94144052,-3.18564648,-43.77399120000001
0.05,5,-0.02,-0.996,0.175,-6.0160589999999985,-5.443101,0.572958,97.88414472,-3.15699858,-43.81409826
0.060000000000000005,6,-0.018000000000000002,-0.997,0.175,-6.3025379999999975,-5.9014674000000005,0.572958,97.82111934,-3.15699858,-43.87139406
0.06999999999999999,7,-0.017,-0.9990000000000001,0.17800000000000002,-6.1879464,-6.3025379999999975,0.6302538000000001,97.76382354,-3.1512689999999997,-43.94014901999999
0.08,8,-0.018000000000000002,-0.9990000000000001,0.177,-5.958763200000001,-6.417129599999999,0.8021411999999999,97.70652774,-3.1512689999999997,-44.0031744
0.09,9,-0.02,-1.001,0.177,-5.6149884000000005,-6.589017,0.8594370000000001,97.65496152,-3.1512689999999997,-44.06619978
0.09999999999999999,10,-0.022000000000000002,-1.001,0.177,-5.6149884000000005,-6.589017,0.9167328000000001,97.60912488,-3.12835068,-44.12922516
0.11,11,-0.022000000000000002,-0.9990000000000001,0.179,-5.844171599999999,-6.703608600000001,0.9740286,97.55182908,-3.12835068,-44.19225054
0.12,12,-0.023,-0.995,0.17800000000000002,-5.9014674000000005,-6.6463128000000005,1.0886202,97.49453327999998,-3.12835068,-44.2610055
0.13,13,-0.019,-0.988,0.17600000000000002,-5.6722842,-6.7609043999999985,1.3178034,97.44296706000002,-3.12835068,-44.32976046
0.14,14,-0.018000000000000002,-0.986,0.174,-4.8701430000000006,-6.703608600000001,1.6042823999999998,97.39713042,-3.1398098400000003,-44.39851542
0.15000000000000002,15,-0.017,-0.986,0.172,-4.1825934,-6.6463128000000005,1.8907614,97.36848252,-3.1226211000000004,-44.45581122
0.16,16,-0.018000000000000002,-0.987,0.174,-4.010706000000001,-6.589017,2.1772404,97.32837546,-3.13408026,-44.52456618
0.17,17,-0.019,-0.986,0.175,-3.8388186,-6.8182002000000015,2.5210152000000003,97.29399798,-3.1512689999999997,-44.59905072
0.18000000000000002,18,-0.022000000000000002,-0.987,0.175,-3.6669312000000014,-6.875496000000001,2.8074942000000003,97.26535008,-3.16845774,-44.66780568
0.19,19,-0.025,-0.9890000000000001,0.17600000000000002,-3.2085647999999996,-6.9327918,2.7501984,97.23670218,-3.18564648,-44.74229022
0.2,20,-0.028999999999999998,-0.995,0.18,-2.7501984,-6.875496000000001,2.5210152000000003,97.22524302,-3.18564648,-44.81104518
0.21000000000000002,21,-0.034,-0.998,0.179,-2.6356068,-6.589017,2.2345362,97.2023247,-3.19710564,-44.87980014
0.22,22,-0.037000000000000005,-1.001,0.17600000000000002,-2.6356068,-6.1879464,2.0626488000000003,97.17940638,-3.2085648000000004,-44.94282552
0.23,23,-0.038,-1.003,0.177,-2.6929026,-5.5576926,1.8907614,97.15648806,-3.22002396,-45.00012132
0.24000000000000002,24,-0.035,-1.002,0.179,-2.5783110000000002,-4.8128472,1.8907614,97.13356974,-3.2314831199999987,-45.05168754
0.25,25,-0.032,-1.002,0.177,-2.6929026,-4.0680017999999984,1.8907614,97.12784016,-3.22002396,-45.08606502
0.26,26,-0.027000000000000003,-0.9990000000000001,0.17600000000000002,-2.6929026,-3.8961144,2.0626488000000003,97.10492184,-3.2314831199999987,-45.12617208
0.27,27,-0.021,-0.996,0.171,-2.5783110000000002,-3.8388186,2.3491277999999998,97.07627394,-3.25440144,-45.16627914
0.28,28,-0.02,-0.992,0.17,-2.5783110000000002,-3.7815228,2.5783110000000002,97.05335562,-3.27159018,-45.21211578
0.29000000000000004,29,-0.02,-0.99,0.16699999999999998,-2.5783110000000002,-3.4377480000000005,2.6356068,97.0304373,-3.2945085,-45.24649326
0.3,30,-0.022000000000000002,-0.99,0.163,-2.7501984,-3.2085647999999996,2.5783110000000002,97.01324856,-3.27731976,-45.26941158
0.31,31,-0.025,-0.987,0.16,-2.8074942000000003,-3.0366774,2.3491277999999998,96.98460066,-3.2945085,-45.29805948
0.32,32,-0.027999999999999997,-0.9840000000000001,0.157,-2.7501984,-2.8074942000000003,2.1772404,96.95595276,-3.31742682,-45.33243696
0.33,33,-0.032,-0.982,0.155,-2.5783110000000002,-2.2345362,2.1199446,96.93303444,-3.33461556,-45.35535528000001
0.34,34,-0.038,-0.982,0.154,-2.3491277999999998,-1.6615782,2.0053530000000004,96.91011612,-3.3518043,-45.3782736
0.35000000000000003,35,-0.044000000000000004,-0.98,0.155,-2.0626488000000003,-0.6875496,1.9480572,96.91011612,-3.34607472,-45.38400318
0.36000000000000004,36,-0.047,-0.982,0.156,-1.8907614,0.572958,1.6042823999999998,96.8871978,-3.36326346,-45.3782736
0.37,37,-0.048,-0.9840000000000001,0.158,-1.8334656000000005,2.1199446,1.3178034,96.87000906,-3.380452200000001,-45.36108486
0.38,38,-0.047,-0.988,0.158,-1.432395,3.7242269999999995,0.9740286,96.85282032,-3.39764094,-45.32670738
0.39,39,-0.048,-0.991,0.159,-1.145916,5.042030400000002,0.572958,96.83563158,-3.4091001000000003,-45.27514116
0.4,40,-0.048,-0.992,0.161,-0.7448454000000001,6.1879464,0.286479,96.84136116,-3.4091001000000003,-45.21784536
0.41000000000000003,41,-0.046,-0.9940000000000001,0.161,-0.4583664000000001,7.5057497999999985,0.0,96.829902,-3.42055926,-45.14336082
0.42000000000000004,42,-0.045,-0.995,0.16,-0.3437748,9.0527364,-0.40107059999999994,96.81844284,-3.42628884,-45.05168754
0.43,43,-0.044000000000000004,-0.997,0.16,-0.286479,10.7143146,-0.8021411999999999,96.80698368,-3.43201842,-44.9485551
0.44,44,-0.043,-0.9990000000000001,0.159,-0.1718874,12.261301199999998,-1.2605076000000002,96.8012541,-3.4377480000000005,-44.82250434
0.45,45,-0.04,-0.998,0.158,-0.057295800000000015,13.750992000000002,-1.6042823999999998,96.78979494,-3.43201842,-44.68499442
0.46,46,-0.035,-0.9940000000000001,0.156,0.057295800000000015,14.9542038,-1.8334656000000005,96.78406536,-3.43201842,-44.53602534
0.47000000000000003,47,-0.031,-0.992,0.154,0.2291832000000001,15.6990492,-1.8907614,96.7726062,-3.4377480000000005,-44.3755971
0.48000000000000004,48,-0.027999999999999997,-0.9890000000000001,0.154,0.3437748,15.928232399999999,-2.0053530000000004,96.76687662,-3.4377480000000005,-44.22089844
0.49,49,-0.026000000000000002,-0.988,0.153,0.4583664000000001,16.157415599999997,-2.1199446,96.75541746,-3.44347758,-44.05474062
0.5,50,-0.025,-0.987,0.155,0.6302538000000001,16.272007199999994,-2.2345362,96.75541746,-3.42628884,-43.888582799999995
0.51,51,-0.025,-0.988,0.159,0.9167328000000001,16.272007199999994,-2.5783110000000002,96.75541746,-3.42628884,-43.72815455999999
0.52,52,-0.023,-0.9890000000000001,0.159,1.0313244000000001,16.272007199999994,-2.86479,96.74968788,-3.42055926,-43.56199674
0.53,53,-0.024,-0.99,0.159,1.3178034,16.157415599999997,-3.0366774,96.75541746,-3.4148296799999995,-43.401568499999996
0.54,54,-0.024,-0.991,0.159,1.6042823999999998,16.157415599999997,-3.3231564,96.76114704,-3.40337052,-43.23541068
0.55,55,-0.022000000000000002,-0.993,0.16,1.8907614,15.9855282,-3.380452200000001,96.7726062,-3.37472262,-43.06925286
0.56,56,-0.02,-0.992,0.162,2.0626488000000003,15.527161800000002,-3.4950437999999995,96.77833578,-3.36326346,-42.91455420000001
0.5700000000000001,57,-0.018000000000000002,-0.993,0.162,2.4637194,15.011499599999999,-3.380452200000001,96.79552452,-3.3518043,-42.75985554
0.5800000000000001,58,-0.016,-0.993,0.163,2.4637194,14.438541599999999,-3.2085647999999996,96.80698368,-3.34034514,-42.61661604
0.59,59,-0.013000000000000001,-0.995,0.16399999999999998,2.4064236,13.6936962,-3.0939732,96.82417242,-3.32888598,-42.47910612
0.6,60,-0.009000000000000001,-0.997,0.166,2.3491277999999998,12.776963400000001,-2.9793816000000004,96.84136116,-3.28877892,-42.33586662
0.61,61,-0.006,-0.998,0.16699999999999998,2.3491277999999998,11.917526400000002,-2.86479,96.8585499,-3.27731976,-42.21554544
0.62,62,-0.003,-1.0,0.16699999999999998,2.2345362,10.599723,-2.7501984,96.87573864,-3.2658606,-42.10668342
0.63,63,0.0,-1.0,0.168,2.1199446,9.2819196,-2.5210152000000003,96.8871978,-3.25440144,-42.01501014
0.64,64,0.0,-1.001,0.17,1.8334656000000005,7.734933000000002,-2.1772404,96.90438654,-3.2486718599999995,-41.93479602
0.65,65,0.001,-1.0,0.16899999999999998,1.5469866,6.1879464,-1.8334656000000005,96.92157528,-3.1741873200000006,-41.84312274
0.66,66,0.001,-1.0,0.16899999999999998,1.3750992,4.4690724,-1.5469866,96.93303444,-3.16845774,-41.7972861
0.67,67,0.0,-0.997,0.171,1.3750992,2.86479,-1.145916,96.94449360000002,-3.1627281600000003,-41.76863820000001
0.68,68,-0.001,-0.995,0.17300000000000001,1.5469866,1.3178034,-0.7448454000000001,96.96168234,-3.15699858,-41.75144946
0.6900000000000001,69,-0.001,-0.993,0.174,1.432395,0.057295800000000015,-0.5156622000000001,96.9731415,-3.1512689999999997,-41.75144946
0.7000000000000001,70,-0.005,-0.9940000000000001,0.175,1.145916,-1.5469866,-0.11459160000000004,97.02470772,-3.02521824,-41.72280156
0.7100000000000001,71,-0.008,-0.996,0.17800000000000002,0.8021411999999999,-2.9793816000000004,0.1718874,97.03616688,-3.02521824,-41.75144946
0.72,72,-0.01,-0.9990000000000001,0.18,0.6302538000000001,-4.0680017999999984,0.4583664000000001,97.04762603999998,-3.01948866,-41.79155652
0.73,73,-0.012,-1.0,0.17800000000000002,0.5156622000000001,-5.1566220000000005,0.7448454000000001,97.05335562,-3.01948866,-41.84312274
0.74,74,-0.015,-1.0,0.177,0.572958,-6.0160589999999985,1.0313244000000001,97.06481478,-3.02521824,-41.90614812
0.75,75,-0.019,-0.998,0.177,0.8594370000000001,-6.875496000000001,1.3750992,97.09346268,-2.9965703400000003,-41.96344392
0.76,76,-0.022000000000000002,-0.996,0.177,0.9740286,-7.3911582,1.7188740000000002,97.11065142,-3.00229992,-42.03792846
0.77,77,-0.023,-0.9940000000000001,0.17800000000000002,0.9740286,-7.9641161999999985,1.8907614,97.12784016,-3.0080294999999997,-42.11814258
0.78,78,-0.027000000000000003,-0.992,0.18100000000000002,0.7448454000000001,-8.5370742,2.0053530000000004,97.13929932,-3.01948866,-42.20981586
0.79,79,-0.027000000000000003,-0.9890000000000001,0.183,0.5156622000000001,-8.7662574,2.1772404,97.15075848,-3.02521824,-42.29575956
0.8,80,-0.026000000000000002,-0.99,0.183,0.2291832000000001,-9.167328,2.291832,97.1736768,-3.01948866,-42.38743284
0.81,81,-0.027999999999999997,-0.991,0.184,0.057295800000000015,-9.453807,2.4064236,97.18513596,-3.02521824,-42.48483570000001
0.8200000000000001,82,-0.03,-0.992,0.184,0.057295800000000015,-9.682990199999999,2.291832,97.19086554,-3.0366774000000003,-42.58223856
0.8300000000000001,83,-0.031,-0.995,0.185,0.0,-9.740286,2.2345362,97.19659512,-3.04240698,-42.67964142
0.8400000000000001,84,-0.033,-0.998,0.184,0.0,-9.740286,2.1772404,97.2023247,-3.04813656,-42.77704428
0.85,85,-0.036000000000000004,-0.9990000000000001,0.184,-0.057295800000000015,-9.6256944,2.1772404,97.23097259999999,-3.04813656,-42.87444714
0.86,86,-0.036000000000000004,-0.9990000000000001,0.18600000000000005,-0.1718874,-9.1100322,2.2345362,97.23670218,-3.05386614,-42.96612042
0.87,87,-0.036000000000000004,-0.997,0.185,-0.2291832000000001,-8.9954406,2.291832,97.23670218,-3.0653253000000005,-43.05779370000001
0.88,88,-0.035,-0.996,0.184,-0.3437748,-8.880849000000003,2.291832,97.24243176000002,-3.07105488,-43.14946698
0.89,89,-0.036000000000000004,-0.9940000000000001,0.183,-0.11459160000000004,-8.880849000000003,2.5783110000000002,97.24243176000002,-3.0825140400000004,-43.24114026
0.9,90,-0.036000000000000004,-0.992,0.18100000000000002,-0.2291832000000001,-8.8235532,2.6356068,97.26535008,-3.08824362,-43.33281354
0.91,91,-0.036000000000000004,-0.991,0.18100000000000002,-0.11459160000000004,-8.880849000000003,2.8074942000000003,97.27107966,-3.0997027800000003,-43.42448682
0.92,92,-0.036000000000000004,-0.992,0.182,-0.057295800000000015,-8.59437,2.6356068,97.27680924,-3.11116194,-43.51043052
0.93,93,-0.038,-0.992,0.183,-0.1718874,-8.307891,2.5210152000000003,97.27680924,-3.12835068,-43.59637422
0.9400000000000001,94,-0.037000000000000005,-0.99,0.185,-0.2291832000000001,-7.906820400000001,2.3491277999999998,97.28253881999998,-3.1398098400000003,-43.67658834
0.9500000000000001,95,-0.037000000000000005,-0.99,0.18600000000000005,-0.286479,-7.734933000000002,2.2345362,97.31118672,-3.13408026,-43.75680246
0.9600000000000001,96,-0.037000000000000005,-0.99,0.18600000000000005,-0.286479,-7.448453999999999,2.291832,97.31118672,-3.14553942,-43.831286999999996
0.97,97,-0.037000000000000005,-0.992,0.185,-0.40107059999999994,-7.2192707999999985,2.3491277999999998,97.31118672,-3.15699858,-43.90577154
0.98,98,-0.038,-0.9940000000000001,0.185,-0.5156622000000001,-7.2192707999999985,2.4064236,97.31118672,-3.1741873200000006,-43.98025608
0.99,99,-0.038,-0.995,0.182,-0.5156622000000001,-7.161975,2.3491277999999998,97.31118672,-3.18564648,-44.05474062
1.0,100,-0.039,-0.995,0.18100000000000002,-0.5156622000000001,-6.990087599999999,2.3491277999999998,97.32837546,-3.18564648,-44.12922516
1.01,101,-0.04,-0.995,0.183,-0.6302538000000001,-6.703608600000001,2.4064236,97.32837546,-3.19710564,-44.19798012
1.02,102,-0.042,-0.9940000000000001,0.184,-0.7448454000000001,-6.2452422,2.291832,97.32837546,-3.214294380000001,-44.2610055
1.03,103,-0.042,-0.9940000000000001,0.183,-1.145916,-5.958763200000001,2.2345362,97.3169163,-3.2257535399999995,-44.32403088
1.04,104,-0.039,-0.995,0.183,-1.3750992,-6.0160589999999985,2.1772404,97.30545714,-3.2372127,-44.38705626
1.05,105,-0.037000000000000005,-0.996,0.184,-1.6042823999999998,-5.958763200000001,2.2345362,97.3169163,-3.2372127,-44.45008164
1.06,106,-0.036000000000000004,-1.0,0.183,-1.4896908000000002,-5.7868758000000025,2.1772404,97.30545714,-3.2486718599999995,-44.50737744
1.07,107,-0.038,-1.001,0.183,-1.5469866,-5.844171599999999,2.1772404,97.29399798,-3.26013102,-44.57040282
1.08,108,-0.038,-1.003,0.183,-1.6615782,-5.6722842,2.2345362,97.28253881999998,-3.27731976,-44.62769862
1.09,109,-0.037000000000000005,-1.003,0.184,-1.8907614,-5.5003968,2.3491277999999998,97.26535008,-3.28877892,-44.68499442
1.1,110,-0.036000000000000004,-0.998,0.185,-2.1772404,-4.9274388,2.4064236,97.27107966,-3.28877892,-44.73656064
1.11,111,-0.034,-0.993,0.187,-2.2345362,-4.583664,2.5210152000000003,97.25389092,-3.3059676599999994,-44.78812686
1.12,112,-0.034,-0.9890000000000001,0.188,-2.2345362,-4.583664,2.6356068,97.23097259999999,-3.32888598,-44.8339635
1.1300000000000001,113,-0.037000000000000005,-0.991,0.18899999999999997,-2.291832,-4.9274388,2.6929026,97.21378386,-3.34607472,-44.88552972
1.1400000000000001,114,-0.043,-0.997,0.18899999999999997,-2.5783110000000002,-5.042030400000002,2.6929026,97.19086554,-3.3689930400000003,-44.94282552
1.1500000000000001,115,-0.05,-1.004,0.184,-2.9793816000000004,-5.042030400000002,2.5210152000000003,97.18513596,-3.380452200000001,-45.00012132
1.1600000000000001,116,-0.054000000000000006,-1.008,0.18100000000000002,-3.2658606,-4.297185,2.1772404,97.15648806,-3.3919113599999995,-45.04595796
1.17,117,-0.057,-1.0090000000000001,0.177,-3.4377480000000005,-3.3231564,1.7761698000000001,97.12211058,-3.4091001000000003,-45.08033544
1.18,118,-0.057,-1.0070000000000001,0.175,-3.6096353999999997,-2.2345362,1.3750992,97.0877331,-3.42055926,-45.10898334
1.19,119,-0.055,-1.002,0.17300000000000001,-3.6096353999999997,-1.5469866,1.0886202,97.05335562,-3.42628884,-45.12617208
1.2,120,-0.052000000000000005,-0.998,0.17300000000000001,-3.7815228,-1.2032118,1.145916,97.04189646,-3.42628884,-45.14336082
1.21,121,-0.05,-0.996,0.175,-4.583664,-0.7448454000000001,1.3750992,96.99605982,-3.4377480000000005,-45.15481998
1.22,122,-0.046,-0.993,0.174,-5.3285094000000015,-0.40107059999999994,1.5469866,96.94449360000002,-3.45493674,-45.16054956
1.23,123,-0.044000000000000004,-0.993,0.177,-5.72958,-0.11459160000000004,1.6615782,96.8871978,-3.47212548,-45.16627914
1.24,124,-0.043,-0.992,0.179,-5.72958,0.40107059999999994,1.432395,96.829902,-3.48931422,-45.16054956
1.25,125,-0.044000000000000004,-0.996,0.179,-5.443101,0.9740286,1.145916,96.8012541,-3.48358464,-45.16054956
1.26,126,-0.043,-0.9990000000000001,0.18,-5.7868758000000025,1.9480572,0.8021411999999999,96.7439583,-3.4950437999999995,-45.14336082
1.27,127,-0.044000000000000004,-1.001,0.18,-6.3025379999999975,2.9220858,0.4583664000000001,96.67520334,-3.50077338,-45.11471292
1.28,128,-0.044000000000000004,-1.002,0.177,-6.4744254,3.4377480000000005,0.286479,96.60644838,-3.5122325400000003,-45.08033544
1.29,129,-0.042,-1.002,0.17800000000000002,-6.2452422,3.7242269999999995,0.1718874,96.543423,-3.51796212,-45.04595796
1.3,130,-0.04,-1.002,0.17800000000000002,-5.958763200000001,3.8961144,0.1718874,96.50331594,-3.5122325400000003,-45.01158048
1.31,131,-0.038,-1.001,0.18,-5.7868758000000025,4.010706000000001,0.2291832000000001,96.44029056,-3.51796212,-44.97147342
1.32,132,-0.033,-0.9990000000000001,0.18,-5.6722842,3.7815228,0.4583664000000001,96.38299476,-3.52942128,-44.93709594
1.33,133,-0.033,-1.0,0.17800000000000002,-5.844171599999999,3.6096353999999997,0.572958,96.31996938,-3.54088044,-44.90271846
1.34,134,-0.034,-1.001,0.18,-6.4744254,3.3231564,0.40107059999999994,96.25121442,-3.5523396000000003,-44.868340980000006
1.35,135,-0.037000000000000005,-1.0,0.17800000000000002,-6.7609043999999985,3.380452200000001,0.2291832000000001,96.20537778,-3.54088044,-44.83969308
1.36,136,-0.040999999999999995,-0.998,0.174,-6.875496000000001,3.5523396000000003,0.11459160000000004,96.13662282,-3.54661002,-44.8053156
1.37,137,-0.046,-0.996,0.171,-7.161975,3.6096353999999997,0.0,96.0564087,-3.5523396000000003,-44.77093812
1.3800000000000001,138,-0.048,-0.9940000000000001,0.16899999999999998,-7.3911582,4.010706000000001,-0.11459160000000004,95.98192416,-3.5580691799999995,-44.73083106
1.3900000000000001,139,-0.046,-0.993,0.16699999999999998,-7.6776372,4.3544808,-0.11459160000000004,95.90171004,-3.56379876,-44.690723999999996
1.4000000000000001,140,-0.045,-0.993,0.166,-7.7922288,4.6982555999999995,-0.2291832000000001,95.83868466,-3.5580691799999995,-44.650616940000006
1.4100000000000001,141,-0.040999999999999995,-0.991,0.162,-7.6203414,5.042030400000002,-0.2291832000000001,95.75847054,-3.5580691799999995,-44.59905072
1.42,142,-0.036000000000000004,-0.9890000000000001,0.16,-7.161975,5.3858052,-0.11459160000000004,95.683986,-3.56379876,-44.547484499999996
1.43,143,-0.033,-0.987,0.161,-7.0473834,5.3285094000000015,0.057295800000000015,95.60377188,-3.57525792,-44.49591828
1.44,144,-0.03,-0.983,0.163,-7.161975,5.3858052,0.286479,95.52928733999998,-3.58671708,-44.44435206
1.45,145,-0.031,-0.982,0.162,-7.2192707999999985,5.042030400000002,0.4583664000000001,95.47199154,-3.57525792,-44.39278584
1.46,146,-0.031,-0.983,0.162,-7.1046792000000005,5.0993262,0.4583664000000001,95.397507,-3.59244666,-44.34694920000001
1.47,147,-0.031,-0.983,0.161,-6.7609043999999985,5.0993262,0.40107059999999994,95.32302246,-3.59817624,-44.29538298
1.48,148,-0.033,-0.982,0.161,-6.3598338,5.3285094000000015,0.1718874,95.25426750000001,-3.6096354,-44.24381676
1.49,149,-0.034,-0.981,0.162,-5.9014674000000005,5.2712136,0.057295800000000015,95.19124212,-3.61536498,-44.19225054
1.5,150,-0.032,-0.9790000000000001,0.163,-5.3285094000000015,4.8701430000000006,0.11459160000000004,95.1683238,-3.60390582,-44.1464139
1.51,151,-0.03,-0.978,0.166,-4.9274388,4.6982555999999995,0.286479,95.111028,-3.61536498,-44.10057726
1.52,152,-0.027000000000000003,-0.982,0.17,-4.583664,4.4117766,0.4583664000000001,95.06519136,-3.62109456,-44.06047020000001
1.53,153,-0.027000000000000003,-0.9890000000000001,0.172,-4.4117766,3.8388186,0.5156622000000001,95.01362514,-3.63255372,-44.02036314
1.54,154,-0.027000000000000003,-0.996,0.174,-4.2398892,3.4377480000000005,0.5156622000000001,94.9677885,-3.644012880000001,-43.99171524000001
1.55,155,-0.028999999999999998,-1.002,0.168,-3.9534102,2.9220858,0.572958,94.97924766,-3.62109456,-43.96306734
1.56,156,-0.031,-1.004,0.16399999999999998,-3.6096353999999997,2.3491277999999998,0.6875496,94.9391406,-3.62682414,-43.9458786
1.57,157,-0.034,-1.003,0.16399999999999998,-3.380452200000001,1.7188740000000002,0.8594370000000001,94.90476312,-3.6382833,-43.92868986
1.58,158,-0.038,-0.9990000000000001,0.163,-3.0939732,1.3178034,0.8594370000000001,94.87038564,-3.64974246,-43.91723070000001
1.59,159,-0.040999999999999995,-0.995,0.165,-2.6356068,1.3178034,0.8021411999999999,94.84173774,-3.66120162,-43.90004196
1.6,160,-0.045,-0.993,0.165,-2.8074942000000003,1.3750992,0.6875496,94.89330396,-3.64974246,-43.91150112
1.61,161,-0.05,-0.99,0.162,-2.9793816000000004,1.4896908000000002,0.6302538000000001,94.85892648,-3.65547204,-43.89431238
1.62,162,-0.048,-0.988,0.157,-2.9220858,1.7761698000000001,0.6302538000000001,94.83027858,-3.666931200000001,-43.87712364
1.6300000000000001,163,-0.047,-0.9890000000000001,0.157,-3.0939732,2.3491277999999998,0.572958,94.7959011,-3.67266078,-43.85420532
1.6400000000000001,164,-0.044000000000000004,-0.992,0.16,-3.380452200000001,2.86479,0.5156622000000001,94.75579404,-3.68411994,-43.831286999999996
1.6500000000000001,165,-0.04,-0.9940000000000001,0.16,-3.5523396000000003,3.2658606,0.5156622000000001,94.7672532,-3.666931200000001,-43.8026391
1.6600000000000001,166,-0.037000000000000005,-0.991,0.157,-3.380452200000001,3.7815228,0.5156622000000001,94.72714614,-3.67839036,-43.76826162
1.6700000000000002,167,-0.036000000000000004,-0.987,0.153,-3.2658606,3.8388186,0.286479,94.69276866,-3.68411994,-43.72815455999999
1.68,168,-0.037000000000000005,-0.983,0.156,-3.0366774,3.2658606,0.2291832000000001,94.65839118,-3.68984952,-43.69950666
1.69,169,-0.04,-0.986,0.162,-2.7501984,2.7501984,0.057295800000000015,94.62974328,-3.6955791,-43.67085876
1.7,170,-0.04,-0.9890000000000001,0.162,-2.8074942000000003,2.6356068,-0.11459160000000004,94.67557992,-3.67266078,-43.65939960000001
1.71,171,-0.040999999999999995,-0.992,0.163,-2.9220858,2.7501984,-0.286479,94.64120244,-3.67266078,-43.63075170000001
1.72,172,-0.042,-0.991,0.165,-2.9793816000000004,2.9220858,-0.4583664000000001,94.60682496,-3.666931200000001,-43.602103799999995
1.73,173,-0.040999999999999995,-0.991,0.168,-3.1512689999999997,2.9793816000000004,-0.6875496,94.57244748,-3.666931200000001,-43.573455900000006
1.74,174,-0.038,-0.993,0.166,-3.4377480000000005,3.4950437999999995,-0.7448454000000001,94.53806999999999,-3.66120162,-43.53907842
1.75,175,-0.034,-0.996,0.162,-3.8388186,4.010706000000001,-0.8594370000000001,94.53806999999999,-3.63255372,-43.50470094
1.76,176,-0.033,-0.9990000000000001,0.16,-4.2398892,4.4690724,-1.0313244000000001,94.49223336,-3.62682414,-43.458864299999995
1.77,177,-0.032,-1.002,0.157,-4.583664,4.8128472,-1.0886202,94.44066714,-3.62109456,-43.41302766
1.78,178,-0.033,-1.003,0.155,-4.9274388,4.9847346,-1.145916,94.38910092,-3.61536498,-43.36146144
1.79,179,-0.035,-1.003,0.155,-5.2712136,5.042030400000002,-1.2032118,94.33180511999998,-3.6096354,-43.30989522
1.8,180,-0.035,-1.0,0.154,-5.6722842,5.042030400000002,-1.2032118,94.29742764,-3.58671708,-43.26405858
1.81,181,-0.036000000000000004,-0.9990000000000001,0.152,-5.958763200000001,4.9274388,-1.2032118,94.23440226,-3.5809875,-43.21249236
1.82,182,-0.036000000000000004,-1.001,0.15,-6.4744254,4.6409598,-1.2605076000000002,94.1656473,-3.56952834,-43.16665572
1.83,183,-0.034,-1.0,0.146,-7.161975,4.4690724,-1.2032118,94.09116276,-3.56379876,-43.12654866000001
1.84,184,-0.035,-1.0,0.14,-8.078707799999998,3.9534102,-1.145916,94.00521906,-3.5580691799999995,-43.08644159999999
1.85,185,-0.036000000000000004,-0.9990000000000001,0.134,-9.0527364,3.1512689999999997,-0.9167328000000001,93.93073452,-3.5351508600000003,-43.05206412
1.86,186,-0.034,-1.0,0.127,-10.2559482,2.4064236,-1.0886202,93.8218725,-3.52942128,-43.0291458
1.87,187,-0.034,-1.004,0.12300000000000001,-11.3445684,1.7188740000000002,-1.3750992,93.7072809,-3.51796212,-43.01195706
1.8800000000000001,188,-0.033,-1.011,0.121,-12.605075999999999,0.9167328000000001,-1.7188740000000002,93.57550056,-3.50077338,-43.00622748
1.8900000000000001,189,-0.027999999999999997,-1.011,0.11599999999999999,-13.9228794,0.0,-1.7761698000000001,93.43799064,-3.48358464,-43.00622748
1.9000000000000001,190,-0.02,-1.006,0.11,-15.3552744,-2.4064236,-1.6615782,93.28902156,-3.4492071599999994,-43.0291458
1.9100000000000001,191,-0.012,-0.9990000000000001,0.10800000000000001,-16.157415599999997,-4.9274388,-1.3750992,93.12859332,-3.43201842,-43.07498244
1.9200000000000002,192,-0.006999999999999999,-0.99,0.10800000000000001,-17.0168526,-8.021412000000002,-0.8021411999999999,92.9624355,-3.42055926,-43.15519656
1.93,193,-0.008,-0.988,0.11900000000000001,-18.048177,-11.401864199999999,-0.2291832000000001,92.78481852,-3.4091001000000003,-43.26978816
1.94,194,-0.011000000000000001,-0.99,0.135,-19.194093,-14.381245800000002,0.1718874,92.60147196,-3.40337052,-43.41875724000001
1.95,195,-0.02,-0.998,0.157,-19.9389384,-15.928232399999999,0.7448454000000001,92.42958456,-3.3919113599999995,-43.57918548
1.96,196,-0.025,-1.013,0.16899999999999998,-20.6837838,-16.959556799999998,2.0053530000000004,92.23477884,-3.40337052,-43.75107288
1.97,197,-0.036000000000000004,-1.024,0.17,-21.199446,-19.194093,4.010706000000001,92.03424354,-3.43201842,-43.9458786
1.98,198,-0.049,-1.0190000000000001,0.177,-19.9389384,-22.803728399999997,5.7868758000000025,91.8451674,-3.47785506,-44.1750618
1.99,199,-0.061,-0.996,0.19699999999999998,-17.475219,-23.5485738,6.1879464,91.68473916,-3.52942128,-44.41570416
2.0,200,-0.083,-0.978,0.233,-15.126091199999998,-21.886995600000002,5.5003968,91.5873363,-3.58671708,-44.650616940000006
2.01,201,-0.10800000000000001,-0.98,0.268,-15.126091199999998,-17.8189938,4.1252976000000015,91.44982638,-3.61536498,-44.82823392
2.02,202,-0.124,-0.992,0.276,-17.246035799999998,-12.834259199999998,2.9220858,91.28366856,-3.644012880000001,-44.96001426
2.03,203,-0.128,-1.004,0.266,-18.907614,-8.9954406,2.7501984,91.09459242,-3.666931200000001,-45.05168754
2.04,204,-0.124,-1.0190000000000001,0.243,-18.621135,-6.5317212,3.380452200000001,90.91124586,-3.6955791,-45.120442499999996
2.05,205,-0.106,-1.04,0.22399999999999998,-17.246035799999998,-5.5576926,5.2139178,90.78519509999998,-3.76433406,-45.20065662
2.0599999999999996,206,-0.085,-1.051,0.205,-14.896907999999998,-4.6409598,7.3911582,90.6419556,-3.8388186000000006,-45.24649326
2.07,207,-0.071,-1.042,0.188,-13.8655836,-3.9534102,8.479778399999999,90.50444568,-3.9190327200000006,-45.2923299
2.0799999999999996,208,-0.067,-1.013,0.177,-13.5791046,-3.4377480000000005,8.307891,90.36693576,-4.00497642,-45.32670738
2.09,209,-0.071,-0.985,0.17800000000000002,-13.980175199999998,-2.9220858,7.2192707999999985,90.22942584,-4.07373138,-45.36108486
2.0999999999999996,210,-0.08199999999999999,-0.9640000000000001,0.185,-15.126091199999998,-2.1772404,6.2452422,90.13202298,-4.1539455,-45.4069215
2.11,211,-0.096,-0.95,0.191,-16.4438946,-0.7448454000000001,5.6722842,89.96586515999998,-4.211241299999998,-45.41838066
2.1199999999999997,212,-0.105,-0.9390000000000001,0.183,-16.959556799999998,0.7448454000000001,5.6149884000000005,89.79397776,-4.2685371,-45.41265108
2.13,213,-0.109,-0.93,0.165,-16.157415599999997,1.2605076000000002,5.6149884000000005,89.62781994000002,-4.325832900000001,-45.40119192
2.1399999999999997,214,-0.109,-0.925,0.16,-15.527161800000002,0.6875496,5.0993262,89.46739170000002,-4.37739912,-45.39546234
2.15,215,-0.105,-0.9209999999999999,0.16399999999999998,-15.126091199999998,0.572958,4.1825934,89.37571842,-4.4404245000000016,-45.41838066
2.1599999999999997,216,-0.1,-0.914,0.16699999999999998,-14.381245800000002,1.0313244000000001,3.2085647999999996,89.22674934,-4.4748019800000005,-45.41265108
2.17,217,-0.098,-0.909,0.174,-13.521808800000002,1.7188740000000002,2.4637194,89.08923942,-4.4977203,-45.39546234
2.1799999999999997,218,-0.10300000000000001,-0.902,0.18100000000000002,-12.776963400000001,2.86479,1.7188740000000002,88.9517295,-4.5206386200000015,-45.36681444
2.19,219,-0.11,-0.899,0.18899999999999997,-11.5164558,4.4117766,1.0886202,88.83140832000002,-4.53209778,-45.32670738
2.1999999999999997,220,-0.11699999999999999,-0.905,0.19399999999999998,-10.1986524,6.130650599999999,0.286479,88.80848999999998,-4.57220484,-45.30951864000001
2.21,221,-0.125,-0.912,0.196,-9.224623800000002,7.6203414,-0.5156622000000001,88.70535756,-4.56647526,-45.22930452
2.2199999999999998,222,-0.133,-0.919,0.201,-8.021412000000002,10.084060800000001,-1.6615782,88.61368428,-4.549286520000001,-45.13190166
2.23,223,-0.13699999999999998,-0.93,0.2,-7.2192707999999985,12.0894138,-2.6356068,88.53347016000002,-4.5263682,-45.01158048
2.2399999999999998,224,-0.141,-0.9390000000000001,0.198,-6.3025379999999975,13.750992000000002,-3.4377480000000005,88.45325604000001,-4.49199072,-44.87980014
2.25,225,-0.142,-0.948,0.19899999999999998,-5.1566220000000005,15.183387000000002,-4.1252976000000015,88.45898561999998,-4.48626114,-44.76520854
2.26,226,-0.142,-0.9520000000000001,0.20199999999999999,-4.0680017999999984,16.7303736,-4.8701430000000006,88.40168982,-4.43469492,-44.604780299999994
2.27,227,-0.145,-0.956,0.20800000000000002,-2.9793816000000004,18.793022399999998,-5.7868758000000025,88.35585318,-4.37739912,-44.41570416
2.28,228,-0.151,-0.9590000000000001,0.20600000000000002,-2.5210152000000003,20.9702628,-6.8182002000000015,88.31001654,-4.30864416,-44.20943928000001
2.29,229,-0.16,-0.9570000000000001,0.21100000000000002,-2.0053530000000004,22.86102420000001,-8.307891,88.26990948,-4.22843004,-43.98598566
2.3,230,-0.16899999999999998,-0.9540000000000001,0.212,-0.6302538000000001,26.356068,-10.2559482,88.28709822,-4.1539455,-43.75680246
2.31,231,-0.17600000000000002,-0.9520000000000001,0.21,0.40107059999999994,29.5646328,-12.2040054,88.26990948,-4.03362432,-43.46459388
2.32,232,-0.183,-0.955,0.20600000000000002,1.145916,32.830493399999995,-13.6936962,88.25272074,-3.896114400000001,-43.143737400000006
2.3299999999999996,233,-0.191,-0.96,0.203,1.7188740000000002,35.5806918,-14.8396122,88.24126158,-3.74714532,-42.79423302
2.34,234,-0.19699999999999998,-0.968,0.198,2.8074942000000003,37.872523799999996,-15.297978599999999,88.24126158,-3.59244666,-42.42181032
2.3499999999999996,235,-0.204,-0.978,0.201,4.2398892,39.9924684,-15.4125702,88.28709822,-3.4663959,-42.04938762000001
2.36,236,-0.213,-0.993,0.209,4.8128472,42.28430039999999,-15.4125702,88.30428696,-3.3116972399999995,-41.636857860000006
2.3699999999999997,237,-0.207,-1.001,0.22,4.8128472,44.9199072,-15.297978599999999,88.3214757,-3.15699858,-41.19568020000001
2.38,238,-0.196,-1.013,0.239,4.8701430000000006,48.7587258,-15.4125702,88.33866443999996,-3.00229992,-40.71439548
2.3899999999999997,239,-0.185,-1.024,0.261,5.3285094000000015,50.420303999999994,-15.527161800000002,88.36158276,-2.84760126,-40.21592202
2.4,240,-0.17,-1.033,0.273,6.0160589999999985,51.0505578,-15.756345,88.41887856000002,-2.70436176,-39.72890772
2.4099999999999997,241,-0.151,-1.026,0.272,6.0733548,49.9619376,-15.813640800000002,88.45325604000001,-2.5496631,-39.24189342
2.42,242,-0.138,-1.014,0.282,6.0733548,47.67010560000001,-15.5844576,88.48763352,-2.39496444,-38.77206786000001
2.4299999999999997,243,-0.128,-0.993,0.308,7.8495246,45.034498799999994,-14.7823164,88.54492932000002,-2.24599536,-38.32516062000001
2.44,244,-0.126,-1.011,0.326,12.032118,44.977203,-12.834259199999998,88.64233218000004,-2.1199446,-37.88398296
2.4499999999999997,245,-0.033,-1.234,0.078,4.0680017999999984,58.327124399999995,-7.6776372,88.65379134000001,-2.03973048,-37.30529538
2.46,246,0.047,-1.511,0.040999999999999995,4.8128472,49.04520479999999,9.0527364,88.68243924,-2.13140376,-36.81828108000001
2.4699999999999998,247,0.12300000000000001,-1.743,0.168,13.464512999999998,32.31483119999999,16.7303736,88.80276042,-2.29756158,-36.49169502
2.48,248,0.272,-1.8769999999999998,0.09,13.521808800000002,31.054323600000004,25.0955604,88.9230816,-2.5496631,-36.18229770000001
2.4899999999999998,249,0.335,-1.8419999999999999,0.04,6.589017,30.080295,35.236917,88.96891824000002,-2.90489706,-35.87862996
2.5,250,0.285,-1.54,-0.032,7.9641161999999985,22.0015872,32.8877892,89.03194361999998,-3.22002396,-35.64371718
2.51,251,0.12,-1.2229999999999999,-0.141,21.4286292,13.8082878,19.480572,89.2382085,-3.4091001000000003,-35.50047768
2.52,252,-0.033,-1.014,-0.04,26.356068,4.583664,6.5317212,89.50176918,-3.47212548,-35.45464104
2.53,253,-0.16399999999999998,-0.863,0.06,23.605869600000002,-3.7242269999999995,-3.2085647999999996,89.74814112,-3.4377480000000005,-35.48901852
2.54,254,-0.228,-0.804,0.086,18.2200644,-1.432395,-12.834259199999998,89.93148768,-3.3116972399999995,-35.50047768
2.55,255,-0.242,-0.778,0.066,14.381245800000002,8.4224826,-19.595163600000006,90.08045676,-3.14553942,-35.43172272
2.56,256,-0.19699999999999998,-0.77,0.023,11.6310474,23.4339822,-24.2361234,90.1835892,-2.91062664,-35.19680993999999
2.57,257,-0.135,-0.764,-0.027999999999999997,10.026765,37.81522800000001,-25.9549974,90.26380332,-2.6642547000000003,-34.81865766
2.5799999999999996,258,-0.083,-0.7609999999999999,-0.057999999999999996,8.8235532,46.409597999999995,-23.0902074,90.32109912,-2.45226024,-34.35456168
2.59,259,-0.033,-0.7609999999999999,-0.076,6.0160589999999985,47.784697200000004,-16.7303736,90.36120618,-2.29756158,-33.87900654
2.5999999999999996,260,0.016,-0.764,-0.08199999999999999,3.4950437999999995,43.4302164,-8.7662574,90.35547659999999,-2.21734746,-33.44355846
2.61,261,0.07200000000000001,-0.7929999999999999,-0.087,1.432395,37.3568616,-0.8594370000000001,90.34974702,-2.21734746,-33.07113576
2.6199999999999997,262,0.136,-0.84,-0.084,-1.8907614,27.043617600000005,6.2452422,90.32109912,-2.2918320000000003,-32.80757508
2.63,263,0.188,-0.8959999999999999,-0.08199999999999999,-4.6982555999999995,18.621135,10.313244000000001,90.25807374,-2.40069402,-32.62422852
2.6399999999999997,264,0.225,-0.946,-0.066,-4.3544808,10.657018800000001,12.0894138,90.2122371,-2.5210152000000003,-32.52109608
2.65,265,0.244,-0.98,-0.039,-1.6042823999999998,3.7242269999999995,11.0007936,90.13202298,-2.3777757,-32.36639742
2.6599999999999997,266,0.23800000000000002,-0.991,-0.006999999999999999,2.2345362,-2.3491277999999998,6.9327918,90.1549413,-2.44653066,-32.395045319999994
2.67,267,0.212,-0.9790000000000001,0.024,4.8128472,-7.333862400000001,1.5469866,90.2122371,-2.45798982,-32.46380028
2.6799999999999997,268,0.165,-0.9520000000000001,0.038,6.5317212,-10.886202,-3.5523396000000003,90.28099206,-2.41788276,-32.572662300000005
2.69,269,0.124,-0.951,0.05,9.568398599999998,-12.7196676,-7.9641161999999985,90.38985408,-2.3376686399999995,-32.69298348
2.6999999999999997,270,0.09300000000000001,-0.973,0.07200000000000001,12.9488508,-13.750992000000002,-11.6310474,90.53309358,-2.18296998,-32.81903423999999
2.71,271,0.067,-0.997,0.091,15.9855282,-14.0947668,-13.2353298,90.6992514,-2.04546006,-32.95654416
2.7199999999999998,272,0.047,-1.008,0.102,17.3606274,-14.0947668,-13.407217200000002,90.88259796,-1.90795014,-33.08832450000001
2.73,273,0.035,-1.001,0.113,16.7303736,-13.980175199999998,-12.3758928,91.06021494,-1.7761698000000001,-33.22583442
2.7399999999999998,274,0.03,-0.982,0.11699999999999999,15.4125702,-13.178034,-10.4851314,91.22064318,-1.6673077799999998,-33.35188518
2.75,275,0.03,-0.9640000000000001,0.122,13.6936962,-11.45916,-8.193299399999999,91.38107142,-1.55844576,-33.45501762
2.76,276,0.025,-0.956,0.124,12.1467096,-9.5111028,-6.0733548,91.51285176,-1.49542038,-33.5466909
2.77,277,0.022000000000000002,-0.9640000000000001,0.11900000000000001,10.1986524,-6.9327918,-4.5263682,91.6159842,-1.44385416,-33.61544586
2.78,278,0.023,-0.9790000000000001,0.11699999999999999,7.3911582,-1.6615782,-3.6096353999999997,91.69619832,-1.40947668,-33.626905019999995
2.79,279,0.028999999999999998,-0.9890000000000001,0.115,5.2139178,1.8907614,-3.6096353999999997,91.74776454000002,-1.36936962,-33.60971628
2.8,280,0.043,-0.991,0.109,3.380452200000001,4.3544808,-4.0680017999999984,91.81078992,-1.27196676,-33.5466909
2.81,281,0.064,-0.98,0.10099999999999999,2.0626488000000003,4.9847346,-4.5263682,91.82797866,-1.2318597,-33.49512468
2.82,282,0.087,-0.9640000000000001,0.094,1.0313244000000001,3.1512689999999997,-4.6982555999999995,91.83943782,-1.18602306,-33.4607472
2.8299999999999996,283,0.109,-0.943,0.091,0.11459160000000004,-0.1718874,-4.4690724,91.83943782,-1.14018642,-33.4607472
2.84,284,0.122,-0.9279999999999999,0.10099999999999999,-0.40107059999999994,-4.6409598,-3.9534102,91.83370824,-1.10007936,-33.506583840000005
2.8499999999999996,285,0.12300000000000001,-0.9129999999999999,0.11900000000000001,-1.0313244000000001,-8.9381448,-3.2085647999999996,91.85089698,-0.98548776,-33.569609220000004
2.86,286,0.111,-0.9079999999999999,0.138,-1.3178034,-13.6936962,-1.8907614,91.8451674,-0.95683986,-33.70711914
2.8699999999999997,287,0.1,-0.9079999999999999,0.157,-1.3750992,-15.756345,-0.4583664000000001,91.83370824,-0.9453807,-33.8618178
2.88,288,0.083,-0.919,0.171,-1.3178034,-16.329303,1.0886202,91.82224908,-0.9453807,-34.02224604
2.8899999999999997,289,0.07200000000000001,-0.937,0.184,-0.6302538000000001,-15.813640800000002,2.6929026,91.82224908,-0.96256944,-34.18267428
2.9,290,0.067,-0.955,0.193,-0.6302538000000001,-15.126091199999998,4.4690724,91.87381529999999,-0.96256944,-34.32591377999999
2.9099999999999997,291,0.07,-0.97,0.198,-0.4583664000000001,-14.8396122,6.417129599999999,91.87381529999999,-1.01986524,-34.48061244
2.92,292,0.077,-0.981,0.201,-0.2291832000000001,-15.3552744,8.307891,91.87381529999999,-1.0886202,-34.62958152
2.9299999999999997,293,0.09300000000000001,-0.981,0.19399999999999998,0.1718874,-15.870936600000002,9.9121734,91.88527446,-1.18029348,-34.79000976
2.94,294,0.10800000000000001,-0.973,0.18600000000000005,0.6302538000000001,-16.7876694,11.401864199999999,91.89673362,-1.28342592,-34.96189716
2.9499999999999997,295,0.126,-0.9640000000000001,0.177,1.0886202,-18.5638392,12.7196676,91.93684068,-1.3579104599999998,-35.13951414
2.96,296,0.136,-0.955,0.168,0.286479,-21.886995600000002,13.8082878,91.94829984,-1.4782316400000002,-35.36296776
2.9699999999999998,297,0.146,-0.93,0.165,0.1718874,-26.9863218,15.813640800000002,91.96548857999998,-1.62147114,-35.63225802
2.98,298,0.155,-0.9209999999999999,0.174,-0.057295800000000015,-32.945085,17.761698000000006,91.97694774,-1.7761698000000001,-35.96457366
2.9899999999999998,299,0.159,-0.9129999999999999,0.188,-0.6302538000000001,-39.3622146,19.7097552,91.9884069,-1.9480572000000005,-36.35991468
3.0,300,0.159,-0.91,0.21600000000000005,-0.572958,-46.5814854,21.600516600000002,92.02278438,-2.10848544,-36.82401066
3.01,301,0.154,-0.9209999999999999,0.259,0.0,-53.858052,23.0902074,92.05716186,-2.30329116,-37.36832076
3.02,302,0.14400000000000002,-0.9490000000000001,0.294,1.3178034,-61.5356892,24.2361234,92.1029985,-2.50382646,-37.98138582
3.03,303,0.11199999999999999,-0.993,0.31,2.86479,-64.9161414,24.4080108,92.17175346,-2.70436176,-38.63455794
3.04,304,0.05,-1.053,0.316,2.9220858,-64.6869582,22.86102420000001,92.24050842,-2.88770832,-39.28200048
3.05,305,-0.004,-1.094,0.322,3.6096353999999997,-62.0513514,20.2827132,92.33791128,-3.04813656,-39.90652470000001
3.06,306,-0.052000000000000005,-1.127,0.34299999999999997,4.1825934,-57.4103916,16.157415599999997,92.41812540000001,-3.16845774,-40.48521228
3.07,307,-0.09,-1.138,0.377,2.4637194,-51.2224452,11.3445684,92.48115077999998,-3.2486718599999995,-40.9951449
3.08,308,-0.107,-1.115,0.425,0.0,-44.9199072,6.875496000000001,92.51552826,-3.28304934,-41.44205214
3.09,309,-0.095,-1.071,0.44799999999999995,-2.5783110000000002,-40.4508348,3.6096353999999997,92.51552826,-3.28877892,-41.84312274
3.0999999999999996,310,-0.07200000000000001,-1.08,0.38299999999999995,-3.2085647999999996,-37.6433406,-0.5156622000000001,92.54990574,-3.2658606,-42.2270046
3.11,311,-0.040999999999999995,-1.166,0.298,6.5317212,-34.4347758,-5.3858052,92.64157902,-3.18564648,-42.56504982
3.1199999999999997,312,-0.046,-1.3330000000000002,0.217,18.1054728,-34.60666320000001,-10.313244000000001,92.8478439,-3.05386614,-42.89736546
3.13,313,-0.10800000000000001,-1.474,0.166,15.813640800000002,-40.1643558,-16.2147114,93.03119046,-2.85906042,-43.28124732
3.1399999999999997,314,-0.191,-1.574,0.187,13.521808800000002,-45.550160999999996,-23.892348600000002,93.19734828,-2.58404058,-43.7166954
3.15,315,-0.23600000000000002,-1.666,0.142,12.605075999999999,-43.3729206,-32.4867186,93.34631736,-2.22880662,-44.12349558
3.1599999999999997,316,-0.221,-1.6119999999999999,0.003,10.943497800000001,-34.091001,-36.03905820000001,93.47236812,-1.83919518,-44.43862248000001
3.17,317,-0.13,-1.3519999999999999,-0.081,15.3552744,-19.9962342,-33.6899304,93.63279636,-1.4896908000000002,-44.61050988
3.1799999999999997,318,0.006,-1.119,-0.069,18.2200644,-2.6356068,-27.272800800000002,93.8218725,-1.21467096,-44.61623946
3.19,319,0.11199999999999999,-0.935,-0.048,18.506543399999998,2.6929026,-18.9649098,94.00521906,-1.0255948199999998,-44.5761324
3.1999999999999997,320,0.152,-0.846,-0.053,15.297978599999999,-4.1252976000000015,-9.7975818,94.12554024,-0.8823553199999999,-44.58186198
3.21,321,0.151,-0.789,-0.08800000000000001,8.193299399999999,-17.246035799999998,-0.2291832000000001,94.21721352,-0.8594370000000001,-44.75374938
3.2199999999999998,322,0.10400000000000001,-0.742,-0.10800000000000001,1.5469866,-30.882436199999997,8.3651868,94.24013184,-0.91100322,-45.0631467
3.23,323,0.061,-0.736,-0.066,-2.291832,-40.33624320000001,12.834259199999998,94.22867268000002,-0.9969469199999998,-45.46994688
3.2399999999999998,324,0.049,-0.7559999999999999,-0.022000000000000002,-5.1566220000000005,-42.91455420000001,12.605075999999999,94.18856562,-1.08289062,-45.90539496
3.25,325,0.042,-0.82,-0.002,-6.990087599999999,-40.5081306,7.6203414,94.11981066,-1.10580894,-46.30073598
3.26,326,0.027000000000000003,-0.892,-0.012,-9.2819196,-34.3201842,-1.5469866,94.03386695999998,-1.0599723,-46.6387812
3.27,327,-0.003,-0.9490000000000001,-0.015,-11.172680999999999,-27.215505,-8.7089616,93.93073452,-0.9453807,-46.90234188
3.28,328,-0.044000000000000004,-0.965,-0.013999999999999999,-11.401864199999999,-19.8243468,-11.401864199999999,93.81614292,-0.8136003599999999,-47.09141802
3.29,329,-0.08199999999999999,-0.9640000000000001,-0.015,-10.5424272,-12.1467096,-9.682990199999999,93.71301048,-0.7104679199999999,-47.20600962
3.3,330,-0.124,-0.9620000000000001,0.003,-7.906820400000001,-5.0993262,-4.9847346,93.60414846,-0.7448454000000001,-47.27476458
3.31,331,-0.166,-0.978,0.031,-5.3858052,1.3750992,-0.572958,93.54685266,-0.7391158200000001,-47.25757584
3.32,332,-0.22,-0.978,0.059000000000000004,-3.9534102,7.2765666,2.7501984,93.50674559999999,-0.7734933,-47.18882088
3.33,333,-0.282,-0.963,0.07200000000000001,-1.9480572,12.7196676,4.5263682,93.48382728,-0.8307891,-47.0684997
3.34,334,-0.303,-0.9640000000000001,0.076,0.7448454000000001,19.7097552,5.844171599999999,93.48382728,-0.90527364,-46.87369398
3.3499999999999996,335,-0.298,-0.963,0.075,1.0886202,26.9863218,6.0733548,93.49528644,-1.05424272,-46.6387812
3.36,336,-0.26,-0.98,0.076,1.0886202,33.6326346,6.3598338,93.49528644,-1.15164558,-46.31219514
3.3699999999999997,337,-0.22399999999999998,-0.993,0.09,2.0626488000000003,38.445481799999996,6.9327918,93.50674559999999,-1.25477802,-45.93404286
3.38,338,-0.183,-0.996,0.11,3.6096353999999997,41.539455,7.7922288,93.52393434,-1.36364004,-45.53297226
3.3899999999999997,339,-0.142,-0.986,0.127,5.2139178,43.4302164,8.250595200000001,93.56404139999998,-1.48396122,-45.10898334
3.4,340,-0.087,-0.966,0.133,6.3598338,44.4615408,8.193299399999999,93.6213372,-1.6157415599999996,-44.67926484
3.4099999999999997,341,-0.028999999999999998,-0.9229999999999999,0.13,6.589017,43.888582799999995,7.906820400000001,93.66717384,-1.73033316,-44.24954634
3.42,342,0.003,-0.895,0.127,6.6463128000000005,40.8519054,7.333862400000001,93.71874006,-1.83919518,-43.85420532
3.4299999999999997,343,0.026000000000000002,-0.878,0.14,5.9014674000000005,35.695283399999994,6.8182002000000015,93.7645767,-1.94232762,-43.50470094
3.44,344,0.039,-0.8740000000000001,0.14800000000000002,4.583664,30.137590799999998,6.2452422,93.79322459999999,-2.02827132,-43.21249236
3.4499999999999997,345,0.026000000000000002,-0.889,0.154,3.4377480000000005,24.809081399999997,5.72958,93.83906124,-2.0912967,-42.96612042
3.46,346,0.024,-0.8859999999999999,0.155,1.7188740000000002,20.5118964,4.9847346,93.84479082,-2.16005166,-42.77131470000001
3.4699999999999998,347,-0.01,-0.895,0.157,2.0053530000000004,16.959556799999998,3.5523396000000003,93.85624998,-2.21161788,-42.60515688
3.48,348,-0.039,-0.9079999999999999,0.166,2.5783110000000002,14.667724800000002,1.7761698000000001,93.87343872,-2.24599536,-42.46191738
3.4899999999999998,349,-0.08,-0.914,0.17300000000000001,3.6669312000000014,13.178034,-0.11459160000000004,93.9078162,-2.25745452,-42.33013704
3.5,350,-0.105,-0.909,0.18,4.8701430000000006,12.4904844,-2.3491277999999998,93.9937599,-2.28037284,-42.2270046
3.51,351,-0.12300000000000001,-0.8959999999999999,0.18600000000000005,5.443101,12.1467096,-3.8388186,94.03959654,-2.25172494,-42.10668342
3.52,352,-0.135,-0.883,0.193,6.5317212,12.4904844,-4.8701430000000006,94.10262192,-2.21734746,-41.97490308
3.53,353,-0.13699999999999998,-0.877,0.203,6.703608600000001,13.750992000000002,-6.1879464,94.15991772,-2.17151082,-41.83739316
3.54,354,-0.136,-0.8740000000000001,0.21100000000000002,6.417129599999999,15.756345,-8.021412000000002,94.21721352,-2.10275586,-41.67696492
3.55,355,-0.133,-0.877,0.217,5.958763200000001,18.1054728,-9.9694692,94.3088868,-2.05118964,-41.50507752
3.56,356,-0.13,-0.878,0.225,5.7868758000000025,20.6837838,-12.1467096,94.35472344,-1.95378678,-41.29308306
3.57,357,-0.13,-0.878,0.22899999999999998,5.72958,23.5485738,-14.381245800000002,94.40056008,-1.8334656000000005,-41.04671112
3.58,358,-0.135,-0.877,0.228,6.1879464,26.9863218,-17.303331600000003,94.45212629999999,-1.6902260999999998,-40.76596170000001
3.59,359,-0.139,-0.871,0.226,7.161975,29.736520199999998,-19.767051000000002,94.51515168,-1.52406828,-40.45656438
3.5999999999999996,360,-0.147,-0.87,0.23600000000000002,8.880849000000003,32.257535399999995,-22.1161788,94.61255454,-1.36364004,-40.1357079
3.61,361,-0.151,-0.8759999999999999,0.255,9.6256944,35.2942128,-24.064236,94.69849824,-1.16310474,-39.7632852
3.6199999999999997,362,-0.153,-0.893,0.27899999999999997,9.9694692,38.0444112,-25.0955604,94.78444194,-0.95683986,-39.36794418
3.63,363,-0.156,-0.917,0.292,10.5424272,40.04976420000001,-25.152856200000002,94.88184479999998,-0.75057498,-38.94968484
3.6399999999999997,364,-0.154,-0.9470000000000001,0.284,11.172680999999999,41.6540466,-24.809081399999997,94.98497724,-0.55003968,-38.51996634
3.65,365,-0.139,-0.987,0.271,11.0580894,43.0864416,-24.064236,95.10529842,-0.37815228,-38.08451826
3.6599999999999997,366,-0.09699999999999999,-1.013,0.253,9.9121734,45.72204840000001,-23.204798999999998,95.1969717,-0.20053530000000008,-37.60896312
3.67,367,-0.038,-1.041,0.24600000000000002,9.8548776,47.0971476,-21.829699800000004,95.28864498,-0.04010706,-37.1276784
3.6799999999999997,368,0.016,-1.064,0.23800000000000002,10.5424272,46.2377106,-20.2827132,95.39177742,0.10313244,-36.65212326
3.69,369,0.057999999999999996,-1.07,0.23,12.2040054,43.029145799999995,-18.277360199999997,95.51209860000002,0.22918320000000006,-36.2109456
3.6999999999999997,370,0.073,-1.053,0.242,13.8655836,38.961144,-16.329303,95.66106768,0.35523396,-35.809875
3.71,371,0.055999999999999994,-1.014,0.292,15.469866,36.2109456,-13.9228794,95.81576634,0.44690724,-35.4374523
3.7199999999999998,372,0.008,-0.985,0.35600000000000004,15.3552744,36.4974246,-11.6310474,95.970465,0.5156622000000001,-35.0650296
3.73,373,-0.054000000000000006,-1.03,0.395,11.3445684,46.3523022,-10.657018800000001,96.0850566,0.56149884,-34.60093362
3.7399999999999998,374,-0.022000000000000002,-1.161,0.321,-2.0053530000000004,72.3645954,-6.4744254,96.06213828,0.53285094,-33.88473612
3.75,375,0.032,-1.354,0.24100000000000002,-2.291832,71.90622900000002,8.7662574,96.03349038,0.34950438,-33.19145694
3.76,376,0.122,-1.692,0.139,0.8021411999999999,59.7022236,28.2468294,96.03921996,0.0,-32.635687680000004
3.77,377,0.249,-1.986,0.12,11.5737516,37.586044799999996,53.5142772,96.15381156,-0.5786875800000001,-32.32056078
3.78,378,0.361,-1.8259999999999998,0.07,37.6433406,24.2934192,64.4004792,96.52623426,-1.24331886,-32.15440296
3.79,379,0.278,-1.439,-0.1,51.279740999999994,27.1582092,54.7747848,97.04189646,-1.82200644,-31.94240850000001
3.8,380,-0.013000000000000001,-1.072,-0.059000000000000004,45.72204840000001,25.0955604,40.10706,97.48307412,-2.25745452,-31.74760278
3.81,381,-0.255,-0.845,0.069,34.8358464,12.9488508,23.663165399999997,97.8325785,-2.50955604,-31.64447034
3.82,382,-0.318,-0.7929999999999999,0.142,16.501190400000002,5.2139178,11.0580894,97.99873632,-2.62414764,-31.61009286
3.83,383,-0.27699999999999997,-0.768,0.165,9.6256944,16.2147114,4.5263682,98.08468002,-2.6929026,-31.455394199999997
3.84,384,-0.17800000000000002,-0.754,0.14300000000000002,7.6776372,37.586044799999996,-0.5156622000000001,98.14197582,-2.7501984,-31.08870108
3.8499999999999996,385,-0.081,-0.748,0.08900000000000001,4.2398892,56.72284200000001,-4.1252976000000015,98.14197582,-2.8074942000000003,-30.52720224
3.86,386,-0.03,-0.76,0.057999999999999996,-0.3437748,66.23394479999999,-4.010706000000001,98.10186876,-2.87624916,-29.874030120000004
3.8699999999999997,387,0.013000000000000001,-0.823,0.043,-6.5317212,65.8328742,-0.3437748,97.99300674,-2.98511118,-29.23231716
3.88,388,0.07400000000000001,-0.922,0.016,-12.891555,57.696870600000004,5.0993262,97.82111934,-3.12835068,-28.6765479
3.8899999999999997,389,0.135,-1.021,-0.016,-17.761698000000006,44.748019799999994,10.828906199999999,97.61485446,-3.3116972399999995,-28.25828856
3.9,390,0.16399999999999998,-1.0759999999999998,-0.028999999999999998,-17.131444199999994,26.069589,14.381245800000002,97.39140084,-3.4492071599999994,-28.00045746
3.9099999999999997,391,0.18,-1.092,-0.018000000000000002,-11.0007936,13.0061466,13.521808800000002,97.27107966,-3.60390582,-27.891595440000003
3.92,392,0.184,-1.062,0.028999999999999998,-5.2712136,1.9480572,8.8235532,97.21378386,-3.6955791,-27.88586586000001
3.9299999999999997,393,0.18600000000000005,-1.004,0.096,-0.7448454000000001,-6.417129599999999,1.6042823999999998,97.21378386,-3.70130868,-27.94889124
3.94,394,0.183,-0.961,0.14,1.6615782,-11.172680999999999,-6.0160589999999985,97.23670218,-3.62109456,-28.05202368
3.9499999999999997,395,0.18,-0.958,0.166,1.0886202,-13.407217200000002,-11.917526400000002,97.2596205,-3.3919113599999995,-28.13796738
3.96,396,0.174,-0.9890000000000001,0.18100000000000002,-0.4583664000000001,-14.9542038,-15.068795399999999,97.26535008,-3.22002396,-28.26401814
3.9699999999999998,397,0.14400000000000002,-1.032,0.195,-1.4896908000000002,-16.8449652,-15.6417534,97.2596205,-3.04240698,-28.40725764
3.98,398,0.105,-1.061,0.22,-1.7761698000000001,-19.365980399999998,-14.381245800000002,97.25389092,-2.87051958,-28.579145040000004
3.9899999999999998,399,0.078,-1.079,0.23800000000000002,-1.2032118,-21.371333399999997,-12.6623718,97.25389092,-2.71582092,-28.77395076
4.0,400,0.059000000000000004,-1.0859999999999999,0.243,-0.5156622000000001,-22.1161788,-11.2872726,97.27680924,-2.54393352,-28.968756480000003
4.01,401,0.046,-1.084,0.239,-0.40107059999999994,-21.7151082,-10.3705398,97.28253881999998,-2.4064236,-29.16929178
4.02,402,0.046,-1.072,0.221,-1.3178034,-20.168121600000006,-9.9694692,97.27680924,-2.28037284,-29.35263834
4.03,403,0.059000000000000004,-1.056,0.19899999999999998,-3.0366774,-18.3919518,-9.6256944,97.25389092,-2.15432208,-29.524525739999994
4.04,404,0.059000000000000004,-1.042,0.179,-5.958763200000001,-17.6471064,-8.59437,97.2023247,-2.04546006,-29.68495398
4.05,405,0.064,-1.002,0.16,-8.9954406,-17.9908812,-7.3911582,97.12211058,-1.91367972,-29.839652640000004
4.06,406,0.077,-0.971,0.153,-13.0634424,-19.079501399999998,-5.958763200000001,96.99605982,-1.82773602,-30.022999200000005
4.07,407,0.066,-0.9520000000000001,0.152,-15.928232399999999,-19.595163600000006,-4.4117766,96.84136116,-1.75325148,-30.212075339999995
4.08,408,0.064,-0.941,0.16699999999999998,-17.8189938,-19.8816426,-3.6096353999999997,96.66947376,-1.6902260999999998,-30.40688106
4.09,409,0.059000000000000004,-0.9259999999999999,0.165,-19.9962342,-19.652459399999998,-2.9793816000000004,96.47466804,-1.6329303,-30.5959572
4.1,410,0.051,-0.9179999999999999,0.171,-19.5378678,-19.4232762,-2.5210152000000003,96.29132148,-1.56417534,-30.77930376
4.109999999999999,411,0.049,-0.909,0.166,-18.162768600000003,-18.793022399999998,-2.3491277999999998,96.1137045,-1.5183387000000002,-30.96265032
4.12,412,0.048,-0.902,0.159,-16.7876694,-19.308684600000007,-1.8334656000000005,95.95327626,-1.47250206,-31.15172646000001
4.13,413,0.055,-0.893,0.154,-15.527161800000002,-20.9702628,-0.40107059999999994,95.80430718,-1.44385416,-31.36372092
4.14,414,0.068,-0.8809999999999999,0.149,-13.178034,-23.0329116,1.6615782,95.67825642,-1.432395,-31.592904120000004
4.1499999999999995,415,0.08199999999999999,-0.862,0.155,-10.599723,-24.350715,3.8388186,95.59231272,-1.41520626,-31.8278169
4.16,416,0.095,-0.843,0.18100000000000002,-7.9641161999999985,-27.272800800000002,6.5317212,95.51782818,-1.44385416,-32.10283674
4.17,417,0.105,-0.826,0.209,-5.7868758000000025,-31.6845774,9.453807,95.47199154,-1.50114996,-32.423693220000004
4.18,418,0.113,-0.812,0.22899999999999998,-4.010706000000001,-36.03905820000001,12.318597,95.44907322,-1.5813640800000002,-32.79038634
4.1899999999999995,419,0.122,-0.805,0.242,-2.4637194,-39.7632852,14.7250206,95.43761406,-1.6787669399999998,-33.197186519999995
4.2,420,0.129,-0.8140000000000001,0.26,-0.7448454000000001,-43.544808,16.615782,95.47772112,-1.76471064,-33.6326346
4.21,421,0.136,-0.841,0.273,0.572958,-46.5814854,18.2200644,95.50063944,-1.88503182,-34.10818974
4.22,422,0.133,-0.88,0.27,2.1199446,-49.61816279999999,18.907614,95.54647608,-2.01108258,-34.61812236
4.2299999999999995,423,0.11199999999999999,-0.917,0.273,2.9793816000000004,-50.76407879999999,19.0222056,95.60377188,-2.13713334,-35.133784559999995
4.24,424,0.081,-0.9520000000000001,0.285,4.4690724,-51.0505578,18.621135,95.67825642,-2.25745452,-35.65517634
4.25,425,0.046,-0.991,0.306,6.0733548,-51.56622,18.048177,95.79284802,-2.36058696,-36.17656812
4.26,426,0.015,-1.0270000000000001,0.315,6.5317212,-50.993262,17.4179232,95.8845213,-2.46944898,-36.6979599
4.27,427,-0.013999999999999999,-1.064,0.292,6.130650599999999,-50.3630082,17.131444199999994,95.97619458,-2.57258142,-37.20789252
4.28,428,-0.053,-1.12,0.23399999999999999,4.1825934,-51.10785360000001,16.386598799999998,96.05067912,-2.6699842800000004,-37.72355472
4.29,429,-0.132,-1.229,0.174,1.7188740000000002,-52.3110654,13.0634424,96.10224534,-2.72728008,-38.25067608
4.3,430,-0.192,-1.38,0.16,1.6042823999999998,-47.1544434,4.8701430000000006,96.14808198,-2.7215505,-38.72050164
4.31,431,-0.233,-1.526,0.156,2.9793816000000004,-39.018439799999996,-5.5576926,96.19964819999998,-2.61268848,-39.09865392
4.32,432,-0.23600000000000002,-1.548,0.18,5.042030400000002,-30.252182399999995,-14.438541599999999,96.26840316,-2.42934192,-39.37940334
4.33,433,-0.15,-1.4240000000000002,0.187,10.026765,-22.9756158,-17.589810600000003,96.37726518,-2.22307704,-39.58566822
4.34,434,0.006,-1.246,0.195,13.9228794,-20.9702628,-14.667724800000002,96.53196384,-2.04546006,-39.76901478
4.35,435,0.158,-1.0859999999999999,0.205,15.756345,-25.0382646,-8.250595200000001,96.70958082,-1.88503182,-39.9924684
4.36,436,0.239,-0.9840000000000001,0.201,16.2147114,-32.31483119999999,-0.3437748,96.8871978,-1.8334656000000005,-40.307595299999996
4.37,437,0.258,-0.9109999999999999,0.19699999999999998,13.521808800000002,-38.27359439999999,7.5057497999999985,97.04189646,-1.85065434,-40.68574758
4.38,438,0.221,-0.882,0.18600000000000005,9.1100322,-43.602103799999995,11.9748222,97.15648806,-1.90222056,-41.12692524
4.39,439,0.152,-0.88,0.172,6.0160589999999985,-46.123119,11.5737516,97.23670218,-1.9480572000000005,-41.59102122
4.3999999999999995,440,0.052000000000000005,-0.898,0.134,3.6096353999999997,-47.6128098,8.078707799999998,97.29399798,-1.94232762,-42.06657636
4.41,441,-0.065,-0.9229999999999999,0.094,1.145916,-50.420303999999994,3.5523396000000003,97.32837546,-1.90222056,-42.56504982
4.42,442,-0.162,-0.925,0.063,-2.4064236,-53.8007562,-0.057295800000000015,97.32837546,-1.82200644,-43.09217118
4.43,443,-0.23199999999999998,-0.9009999999999999,0.038,-6.9327918,-55.4623344,-2.4637194,97.28253881999998,-1.71314442,-43.63075170000001
4.4399999999999995,444,-0.282,-0.871,0.017,-11.917526400000002,-54.6028974,-4.0680017999999984,97.18513596,-1.5870936600000003,-44.15787306
4.45,445,-0.314,-0.853,-0.006,-17.131444199999994,-51.68081160000001,-5.0993262,97.01897814,-1.50114996,-44.66780568
4.46,446,-0.303,-0.862,-0.016,-21.5432208,-45.9512316,-5.2139178,96.81271325999998,-1.38655836,-45.11471292
4.47,447,-0.27899999999999997,-0.895,-0.021,-22.86102420000001,-39.820581,-4.7555514,96.59498922000002,-1.28342592,-45.50432436
4.4799999999999995,448,-0.228,-0.953,-0.009000000000000001,-22.1734746,-32.8877892,-4.2398892,96.38299476,-1.19748222,-45.81945126
4.49,449,-0.16699999999999998,-1.014,0.023,-20.2827132,-25.6112226,-3.7242269999999995,96.18245946,-1.12299768,-46.07155278000001
4.5,450,-0.079,-1.07,0.062,-17.246035799999998,-19.480572,-2.0053530000000004,96.00484248,-1.08289062,-46.26062892
4.51,451,-0.009000000000000001,-1.099,0.113,-14.266654199999998,-14.5531332,0.6875496,95.86160298,-1.07716104,-46.40386842
4.52,452,0.027999999999999997,-1.11,0.158,-12.1467096,-10.828906199999999,3.7815228,95.7412818,-1.10007936,-46.51846002
4.53,453,0.027000000000000003,-1.093,0.187,-10.7143146,-9.3392154,6.3025379999999975,95.63814936,-1.15164558,-46.61586288
4.54,454,0.005,-1.068,0.191,-8.9381448,-10.1413566,7.7922288,95.55220566,-1.21467096,-46.7247249
4.55,455,-0.031,-1.045,0.192,-6.990087599999999,-12.0894138,8.307891,95.50636902,-1.29488508,-46.86223482000001
4.56,456,-0.075,-1.023,0.19699999999999998,-5.1566220000000005,-14.1520626,8.7089616,95.46053238,-1.36364004,-47.0112039
4.57,457,-0.11800000000000001,-0.998,0.204,-3.4377480000000005,-15.6417534,8.651665800000002,95.43188448,-1.42666542,-47.17163214
4.58,458,-0.152,-0.971,0.207,-2.86479,-14.667724800000002,7.734933000000002,95.40896616,-1.4896908000000002,-47.326330799999994
4.59,459,-0.18100000000000002,-0.9390000000000001,0.204,-2.4637194,-11.5164558,6.130650599999999,95.38604784,-1.53552744,-47.44665198
4.6,460,-0.192,-0.92,0.19899999999999998,-2.0053530000000004,-7.0473834,4.0680017999999984,95.46053238,-1.7246035799999997,-47.5841619
4.61,461,-0.20600000000000002,-0.8959999999999999,0.18600000000000005,-2.291832,-2.8074942000000003,1.6615782,95.43761406,-1.73606274,-47.6128098
4.62,462,-0.21,-0.878,0.171,-2.5783110000000002,0.9740286,-0.6302538000000001,95.40896616,-1.73033316,-47.60135064
4.63,463,-0.198,-0.87,0.161,-2.8074942000000003,3.3231564,-2.5210152000000003,95.38031826,-1.71314442,-47.56697316
4.64,464,-0.18,-0.862,0.14400000000000002,-3.1512689999999997,3.7815228,-3.6669312000000014,95.34594078,-1.6787669399999998,-47.5268661
4.6499999999999995,465,-0.153,-0.867,0.128,-3.5523396000000003,3.6096353999999997,-4.010706000000001,95.32875204,-1.71314442,-47.50967736
4.66,466,-0.11599999999999999,-0.88,0.10800000000000001,-5.5003968,3.0366774,-3.7815228,95.27145624,-1.6787669399999998,-47.47529988
4.67,467,-0.07400000000000001,-0.904,0.11699999999999999,-7.3911582,2.86479,-3.3231564,95.19124212,-1.65011904,-47.44665198
4.68,468,-0.021,-0.9390000000000001,0.14800000000000002,-8.5370742,5.042030400000002,-3.380452200000001,95.10529842,-1.62147114,-47.39508576
4.6899999999999995,469,0.055999999999999994,-0.9940000000000001,0.161,-9.0527364,10.4851314,-4.4117766,95.00789556,-1.59282324,-47.29195332
4.7,470,0.127,-1.0659999999999998,0.171,-9.2819196,16.902261,-5.5576926,94.9104927,-1.51260912,-47.10860676
4.71,471,0.175,-1.137,0.158,-8.7089616,14.9542038,-5.1566220000000005,94.81881942,-1.4782316400000002,-46.95963768
4.72,472,0.192,-1.169,0.138,-5.9014674000000005,6.3598338,-3.4377480000000005,94.75579404,-1.44958374,-46.89088271999999
4.7299999999999995,473,0.187,-1.129,0.13,-1.145916,-2.6929026,-1.432395,94.74433488,-1.432395,-46.91953062
4.74,474,0.13699999999999998,-1.045,0.158,3.4377480000000005,-9.6256944,-0.2291832000000001,94.78444194,-1.4209358399999998,-47.0112039
4.75,475,0.053,-0.97,0.20800000000000002,4.7555514,-10.7716104,-0.5156622000000001,94.91622228,-1.3750992,-47.1257955
4.76,476,-0.027999999999999997,-0.924,0.242,2.5210152000000003,-6.130650599999999,-1.6042823999999998,94.9391406,-1.35218088,-47.18882088
4.77,477,-0.121,-0.888,0.26,0.11459160000000004,-0.9167328000000001,-3.3231564,94.94487018,-1.3178034,-47.19455046
4.78,478,-0.185,-0.884,0.27399999999999997,-1.3178034,3.7815228,-4.8128472,94.92768144,-1.27196676,-47.15444340000001
4.79,479,-0.215,-0.905,0.272,-1.145916,6.589017,-4.8128472,94.91622228,-1.2318597,-47.07995886000001
4.8,480,-0.214,-0.9490000000000001,0.249,-0.5156622000000001,8.8235532,-2.8074942000000003,95.03654346,-1.39228794,-47.0684997
4.81,481,-0.18,-1.006,0.215,-0.1718874,10.7143146,0.6875496,95.03081388,-1.40947668,-46.96536726
4.82,482,-0.124,-1.057,0.187,-0.5156622000000001,11.688343199999998,4.583664,95.01935472,-1.47250206,-46.85650524
4.83,483,-0.065,-1.0859999999999999,0.17,-1.145916,10.943497800000001,7.6203414,95.00216598,-1.55844576,-46.753372799999994
4.84,484,-0.024,-1.088,0.15,-1.4896908000000002,9.0527364,8.9954406,94.98497724,-1.6615782,-46.67315868000001
4.85,485,0.005,-1.054,0.14400000000000002,-2.1772404,7.5057497999999985,8.4224826,94.97924766,-1.7246035799999997,-46.60440372
4.86,486,0.009000000000000001,-1.001,0.154,-3.8388186,6.130650599999999,6.6463128000000005,94.9391406,-1.79908812,-46.54710792
4.87,487,0.006999999999999999,-0.953,0.172,-5.3285094000000015,5.443101,4.9274388,94.88184479999998,-1.85638392,-46.50127128
4.88,488,0.001,-0.924,0.193,-6.1879464,5.3285094000000015,3.2658606,94.81308984,-1.8907614,-46.44970506
4.89,489,-0.001,-0.9229999999999999,0.20600000000000002,-6.7609043999999985,6.2452422,1.5469866,94.74433488,-1.91367972,-46.39240926
4.8999999999999995,490,-0.003,-0.945,0.203,-7.1046792000000005,8.307891,0.1718874,94.72714614,-1.91367972,-46.323654299999994
4.91,491,-0.006,-0.98,0.19,-7.2192707999999985,10.657018800000001,-0.3437748,94.64693201999998,-1.9194093000000003,-46.21479228000001
4.92,492,-0.006,-1.0170000000000001,0.16899999999999998,-7.1046792000000005,13.0061466,0.0,94.5667179,-1.93086846,-46.08874152
4.93,493,-0.002,-1.038,0.152,-6.130650599999999,14.667724800000002,1.145916,94.49796294,-1.9595163600000003,-45.94550202
4.9399999999999995,494,-0.002,-1.035,0.14800000000000002,-5.0993262,15.011499599999999,2.5783110000000002,94.44066714,-2.005353,-45.80226252
4.95,495,-0.009000000000000001,-1.02,0.14400000000000002,-5.3858052,13.8082878,3.380452200000001,94.3948305,-2.03973048,-45.67048218
4.96,496,-0.018000000000000002,-1.001,0.14300000000000002,-6.589017,11.745639,3.6096353999999997,94.32607554,-2.08556712,-45.55589058
4.97,497,-0.026000000000000002,-0.985,0.14800000000000002,-8.021412000000002,9.2819196,3.2085647999999996,94.24013184,-2.13140376,-45.46994688
4.9799999999999995,498,-0.027999999999999997,-0.976,0.159,-9.682990199999999,6.990087599999999,2.3491277999999998,94.1369994,-2.16005166,-45.40119192
4.99,499,-0.026000000000000002,-0.97,0.17,-11.0007936,5.5003968,1.432395,94.0224078,-2.18296998,-45.3496257
5.0,500,-0.021,-0.9670000000000001,0.175,-11.2872726,4.6409598,0.572958,93.95365284,-2.18296998,-45.31524822
5.01,501,-0.016,-0.971,0.17800000000000002,-11.172680999999999,3.8388186,0.286479,93.83906124,-2.18869956,-45.28087074
5.02,502,-0.013000000000000001,-0.975,0.182,-11.0580894,2.7501984,0.8021411999999999,93.72446964,-2.20015872,-45.25222284
5.03,503,-0.009000000000000001,-0.9790000000000001,0.184,-11.2872726,2.291832,1.8334656000000005,93.60987804,-2.22307704,-45.23503409999999
5.04,504,-0.008,-0.977,0.18600000000000005,-11.45916,1.8907614,2.8074942000000003,93.49528644,-2.25745452,-45.21784536
5.05,505,-0.011000000000000001,-0.9790000000000001,0.19,-11.802934800000001,1.7188740000000002,3.6669312000000014,93.43226106,-2.28037284,-45.21784536
5.06,506,-0.018000000000000002,-0.977,0.196,-12.9488508,2.0626488000000003,4.2398892,93.30048072,-2.32620948,-45.20065662
5.07,507,-0.028999999999999998,-0.9690000000000001,0.20199999999999999,-13.407217200000002,2.9793816000000004,4.4690724,93.1629708,-2.37204612,-45.17200872
5.08,508,-0.042,-0.9670000000000001,0.213,-13.8655836,4.297185,4.1252976000000015,93.01973129999999,-2.41788276,-45.13190166
5.09,509,-0.053,-0.961,0.22,-14.32395,6.3598338,3.380452200000001,92.87076222,-2.45798982,-45.07460586000001
5.1,510,-0.055999999999999994,-0.961,0.22899999999999998,-15.126091199999998,9.3392154,2.4637194,92.77335936,-2.50382646,-45.00012132
5.11,511,-0.048,-0.9590000000000001,0.235,-16.501190400000002,11.3445684,1.7761698000000001,92.59574238000002,-2.52674478,-44.8912593
5.12,512,-0.038,-0.955,0.235,-17.8762896,13.3499214,1.4896908000000002,92.40666624,-2.55539268,-44.76520854
5.13,513,-0.031,-0.9540000000000001,0.233,-18.506543399999998,14.667724800000002,1.7761698000000001,92.21186052,-2.58404058,-44.62196904
5.14,514,-0.021,-0.9570000000000001,0.23600000000000002,-18.8503182,15.3552744,2.291832,92.01132522,-2.61841806,-44.47299996
5.1499999999999995,515,-0.011000000000000001,-0.963,0.23199999999999998,-19.652459399999998,15.5844576,2.8074942000000003,91.85089698,-2.64706596,-44.32976046
5.16,516,-0.01,-0.9570000000000001,0.225,-18.793022399999998,15.297978599999999,3.2085647999999996,91.65036168,-2.6929026,-44.18079138
5.17,517,-0.009000000000000001,-0.965,0.221,-16.157415599999997,14.266654199999998,3.3231564,91.47847428,-2.73300966,-44.04328146
5.18,518,-0.013999999999999999,-0.963,0.218,-15.813640800000002,12.891555,3.2658606,91.30658688,-2.77311672,-43.91723070000001
5.1899999999999995,519,-0.021,-0.9540000000000001,0.21600000000000005,-16.386598799999998,12.261301199999998,2.9793816000000004,91.13469948,-2.81322378,-43.8026391
5.2,520,-0.027999999999999997,-0.9359999999999999,0.221,-17.589810600000003,12.2040054,2.9220858,91.00291914,-2.84760126,-43.69377708
5.21,521,-0.031,-0.9179999999999999,0.233,-18.907614,12.3758928,2.6356068,90.80238384,-2.88197874,-43.573455900000006
5.22,522,-0.034,-0.909,0.245,-20.168121600000006,12.9488508,2.0626488000000003,90.59038938,-2.90489706,-43.44740514
5.2299999999999995,523,-0.039,-0.9,0.249,-21.142150199999996,13.5791046,1.3750992,90.36693576,-2.92781538,-43.3156248
5.24,524,-0.048,-0.9009999999999999,0.244,-20.8556712,14.266654199999998,0.3437748,90.14921172,-2.93927454,-43.17811488
5.25,525,-0.055,-0.904,0.22899999999999998,-19.8816426,15.3552744,-0.7448454000000001,89.99451306,-2.94500412,-43.04060496
5.26,526,-0.061,-0.907,0.214,-19.5378678,16.959556799999998,-1.7761698000000001,89.7825186,-2.93354496,-42.88017672
5.27,527,-0.068,-0.903,0.205,-19.9389384,18.5638392,-2.5210152000000003,89.57052414,-2.91062664,-42.69683016000001
5.28,528,-0.076,-0.903,0.2,-21.027558600000006,20.454600600000006,-3.2658606,89.34134094,-2.88197874,-42.49629486
5.29,529,-0.085,-0.898,0.19899999999999998,-23.835052800000003,22.4599536,-4.0680017999999984,89.08350984,-2.84760126,-42.27857082
5.3,530,-0.092,-0.885,0.19399999999999998,-26.41336380000001,24.4080108,-5.042030400000002,88.8371379,-2.81322378,-42.04938762000001
5.31,531,-0.10099999999999999,-0.871,0.185,-27.3300966,26.814434400000003,-6.1879464,88.54492932000002,-2.75592798,-41.78582694
5.32,532,-0.11,-0.857,0.18,-28.3041252,30.194886600000004,-7.448453999999999,88.23553199999998,-2.68717302,-41.49361836
5.33,533,-0.113,-0.841,0.174,-29.736520199999998,33.518043,-8.9381448,87.91467551999996,-2.59549974,-41.167032299999995
5.34,534,-0.115,-0.8220000000000001,0.16,-30.080295,37.4714532,-10.5424272,87.58808946,-2.4923672999999997,-40.80606876
5.35,535,-0.125,-0.8079999999999999,0.157,-27.6738714,40.680018,-12.2040054,87.30734004,-2.3777757,-40.41645732
5.36,536,-0.138,-0.805,0.155,-25.3247436,45.3209778,-13.980175199999998,87.02659062000002,-2.2345362,-39.98100924
5.37,537,-0.145,-0.805,0.159,-24.923673,50.6494872,-16.1001198,86.75157078,-2.0626488000000003,-39.48826536
5.38,538,-0.14300000000000002,-0.8059999999999999,0.184,-25.6112226,55.6342218,-17.9908812,86.46509178,-1.86784308,-38.95541442
5.39,539,-0.139,-0.8170000000000001,0.214,-25.78311,59.64492779999999,-19.365980399999998,86.17288319999999,-1.6558486199999998,-38.37672684
5.3999999999999995,540,-0.13,-0.8370000000000001,0.226,-25.78311,62.96808420000001,-20.2827132,85.9150521,-1.44385416,-37.78085052
5.41,541,-0.111,-0.851,0.223,-26.2987722,66.11935319999999,-20.3973048,85.62284352,-1.21467096,-37.14486714
5.42,542,-0.087,-0.856,0.205,-26.5852512,69.041439,-19.652459399999998,85.33063494000002,-0.98548776,-36.48023586
5.43,543,-0.076,-0.8490000000000001,0.17600000000000002,-26.1268848,71.61975,-18.6784308,85.04415594,-0.76776372,-35.79268626
5.4399999999999995,544,-0.07200000000000001,-0.82,0.142,-25.78311,76.1461182,-16.7876694,84.76340652,-0.55576926,-35.05357044
5.45,545,-0.071,-0.7609999999999999,0.11,-25.55392680000001,81.53192340000003,-14.266654199999998,84.49984584,-0.3724227000000001,-34.27434756
5.46,546,-0.08199999999999999,-0.679,0.069,-23.0329116,85.77181259999998,-11.401864199999999,84.24774432000002,-0.20053530000000008,-33.43782888
5.47,547,-0.092,-0.5920000000000001,0.049,-19.5378678,89.55333540000002,-8.7662574,84.03574986,-0.04583664,-32.56693272
5.4799999999999995,548,-0.08800000000000001,-0.491,0.077,-17.303331600000003,91.386801,-6.3025379999999975,83.84667372,0.07448454,-31.67311824
5.49,549,-0.081,-0.38299999999999995,0.114,-17.475219,87.49068659999998,-4.010706000000001,83.66332716000002,0.18334656,-30.819410819999995
5.5,550,-0.069,-0.281,0.153,-19.652459399999998,77.34933000000002,-1.6042823999999998,83.47425102000003,0.25783110000000004,-30.06310626
5.51,551,-0.043,-0.204,0.203,-21.2567418,65.2599162,-0.1718874,83.25079740000002,0.31512690000000004,-29.421393300000002
5.52,552,-0.011000000000000001,-0.146,0.22399999999999998,-21.829699800000004,48.4722468,0.5156622000000001,83.02734378,0.34950438,-28.94583816
5.53,553,0.02,-0.11800000000000001,0.239,-20.9702628,34.4920716,0.3437748,82.80961973999997,0.37815228,-28.607792940000003
5.54,554,0.081,-0.14400000000000002,0.26899999999999996,-17.7044022,26.1268848,-0.1718874,82.62627318,0.4010706000000001,-28.35569142
5.55,555,0.135,-0.198,0.247,-14.8396122,20.7983754,-1.8334656000000005,82.50022242,0.4583664000000001,-28.14942654
5.56,556,0.182,-0.28300000000000003,0.2,-9.8548776,20.5118964,-5.5576926,82.39708998,0.53285094,-27.960350399999996
5.57,557,0.18,-0.3670000000000001,0.188,-6.1879464,24.522602399999997,-9.682990199999999,82.33406459999998,0.65317212,-27.7311672
5.58,558,0.132,-0.431,0.153,-6.875496000000001,27.903054600000004,-11.5164558,82.26530964,0.79641162,-27.473336100000004
5.59,559,0.022000000000000002,-0.47700000000000004,0.133,-8.3651868,27.1582092,-8.7662574,82.17936594,0.91100322,-27.215505
5.6,560,-0.138,-0.526,0.129,-9.740286,26.2987722,-4.583664,82.1048814,0.95111028,-26.974862640000005
5.61,561,-0.263,-0.5710000000000001,0.109,-7.6776372,29.2781538,-1.6042823999999998,82.02466728,1.0026765,-26.68838364
5.62,562,-0.289,-0.5920000000000001,0.17800000000000002,-1.4896908000000002,33.4607472,-4.3544808,82.01320812,1.08289062,-26.36752716
5.63,563,-0.188,-0.609,0.249,-0.9740286,36.898495200000006,-11.9748222,82.00174896,1.23758928,-26.02375236
5.64,564,-0.005,-0.552,0.319,-9.396511199999999,37.52874900000001,-19.0222056,81.91007568,1.46677248,-25.679977560000005
5.6499999999999995,565,0.149,-0.55,0.33799999999999997,-12.834259199999998,27.559279800000002,-24.7517856,81.82413198,1.75898106,-25.4393352
5.66,566,0.201,-0.7290000000000001,0.21,-15.4125702,2.8074942000000003,-28.418716800000002,81.66943332,2.03973048,-25.45652394
5.67,567,0.17600000000000002,-1.035,0.16699999999999998,-24.4080108,-13.0061466,-26.2987722,81.4173318,2.28037284,-25.62268176
5.68,568,0.163,-1.564,0.16399999999999998,-50.420303999999994,-20.912967000000002,-22.86102420000001,80.89594002,2.47517856,-25.8690537
5.6899999999999995,569,0.175,-2.419,0.054000000000000006,-84.96967140000002,-30.080295,-18.048177,80.02504386000003,2.6069589,-26.20136934000001
5.7,570,0.25,-3.468,-0.223,-126.45183059999998,-31.9710564,-6.875496000000001,78.73015878,2.61268848,-26.53941456
5.71,571,0.42,-3.2939999999999996,-0.24600000000000002,-126.05076,-26.8717302,5.72958,77.44100327999998,2.4923672999999997,-26.79724566
5.72,572,0.598,-2.824,-0.256,-92.5900128,-33.403451399999994,10.1986524,76.49562258,2.3204799,-27.10664298
5.7299999999999995,573,0.631,-3.112,-0.242,-128.6863668,-34.7785506,21.772404,75.17781918,2.02254174,-27.404581140000005
5.74,574,0.769,-3.925,-0.435,-187.5291534,-27.559279800000002,51.56622,73.27559862,1.43812458,-27.54782064
5.75,575,0.9990000000000001,-3.9989999999999997,-0.7929999999999999,-205.8638094,-76.03152659999998,79.1254998,71.19003149999998,0.4583664000000001,-28.0462941
5.76,576,0.48100000000000004,-3.225,-0.401,-143.9270496,-131.9522274,55.86340500000001,69.75190692,-0.48128472,-29.11772556
5.77,577,-0.6809999999999999,-2.28,0.501,-104.7367224,-136.3067082,16.7876694,68.72631209999999,-1.09434978,-30.3381261
5.78,578,-1.111,-1.669,0.5670000000000001,-135.5618628,-99.694692,-4.3544808,67.37986079999999,-1.40947668,-31.28923638
5.79,579,-0.8,-0.915,0.22699999999999998,-191.4825636,-64.4004792,-12.032118,65.46618108,-1.55844576,-31.94240850000001
5.8,580,-0.523,-0.38,0.255,-201.2801454,-31.627281600000003,-16.2147114,63.46082808,-1.5870936600000003,-32.32056078
5.81,581,-0.018000000000000002,-0.34,0.354,-199.79045459999998,-6.703608600000001,-13.120738199999998,61.43255676,-1.52406828,-32.4580707
5.82,582,0.17300000000000001,-0.467,0.3,-194.29005780000003,15.5844576,2.1772404,59.45585166000001,-1.49542038,-32.32056078
5.83,583,0.28600000000000003,-0.596,0.27,-201.2801454,17.18874,24.522602399999997,57.40466202,-1.64438946,-32.0570001
5.84,584,0.272,-0.415,0.317,-187.4718576,9.9121734,43.029145799999995,55.49098230000001,-1.9767051,-31.74760278
5.85,585,0.149,-0.28600000000000003,0.342,-183.8622222,7.1046792000000005,50.420303999999994,53.63459838,-2.36631654,-31.409557560000003
5.86,586,0.038,0.006999999999999999,0.37799999999999995,-191.4252678,5.6149884000000005,44.06047020000001,51.68081159999999,-2.70436176,-31.10588982
5.87,587,0.005,0.287,0.484,-201.5666244,3.4377480000000005,28.7051958,49.62389238,-2.93354496,-30.9110841
5.88,588,0.134,0.542,0.441,-205.9211052,2.7501984,12.834259199999998,47.5268661,-3.04240698,-30.80795166
5.89,589,0.247,0.627,0.341,-197.1548478,7.161975,1.3750992,45.52724268,-3.03094782,-30.75638544000001
5.8999999999999995,590,0.23199999999999998,0.573,0.35700000000000004,-188.96154840000003,15.4125702,-9.396511199999999,43.59637422,-2.87624916,-30.71627838
5.91,591,0.113,0.39,0.38299999999999995,-177.27320519999995,17.0168526,-18.162768600000003,41.7972861,-2.65852512,-30.73346712
5.92,592,0.002,0.152,0.27899999999999997,-163.46491740000005,16.7876694,-24.4653066,40.1357079,-2.40069402,-30.80795166
5.93,593,-0.076,0.01,0.221,-159.568803,19.136797199999997,-26.4706596,38.51423676,-2.11421502,-30.88816578
5.9399999999999995,594,-0.174,-0.033,0.325,-161.1157896,30.194886600000004,-24.809081399999997,36.87557688,-1.75325148,-30.89389536
5.95,595,-0.161,-0.008,0.38299999999999995,-156.99049200000005,49.1025006,-24.350715,35.28848322,-1.2605076000000002,-30.7964925
5.96,596,-0.209,-0.055999999999999994,0.305,-145.87510680000003,72.5937786,-23.663165399999997,33.79306284,-0.56722842,-30.5673093
5.97,597,-0.195,0.023,0.151,-134.072172,100.8979038,-25.496631,32.41796364,0.36669312,-30.212075339999995
5.9799999999999995,598,-0.38299999999999995,0.126,-0.142,-119.28985559999998,145.30214880000003,-39.19032720000001,31.197563100000004,1.75898106,-29.75370894
5.99,599,-0.434,0.248,-0.355,-112.52895120000001,172.80413280000005,-58.6136034,30.04591752,3.48358464,-29.34117918
6.0,600,-0.636,0.35200000000000004,-0.322,-109.6068654,193.7170998,-78.6671334,28.91719026,5.4717489000000015,-29.03751144
6.01,601,-0.915,0.366,-0.39299999999999996,-88.9230816,230.1572286,-100.7833122,28.01191662,7.906820399999999,-28.77395076
6.02,602,-1.055,0.32,-0.47600000000000003,-82.21947300000002,258.51864959999995,-119.5190388,27.17539794,10.679937120000002,-28.57341546
6.03,603,-1.047,0.563,-0.474,-98.0331138,263.7325674,-122.7848994,26.17272144,13.51034964,-28.42444638
6.04,604,-0.585,0.9279999999999999,-0.634,-104.7940182,252.5025906,-117.34179840000002,25.10128998,16.22044098,-28.32131394
6.05,605,0.044000000000000004,1.0659999999999998,-0.777,-92.246238,228.9540168,-107.77339979999999,24.11580222,18.68988996,-28.29839562
6.06,606,0.9990000000000001,0.759,-0.9620000000000001,-57.754166399999995,197.4986226,-96.3142398,23.491278,20.83848246,-28.332773100000004
6.07,607,2.75,0.083,-1.7790000000000001,-17.0741484,157.1050836,-82.39136040000002,23.25636522,22.56881562,-28.43590554
6.08,608,3.415,-0.38799999999999996,-2.377,13.2353298,101.2989744,-64.5723666,23.30220186,23.73192036,-28.6192521
6.09,609,3.596,-0.8959999999999999,-2.833,-19.595163600000006,87.49068659999998,-51.33703679999999,23.04437076,24.71740812,-28.733843699999998
6.1,610,2.7239999999999998,-0.711,-3.761,-107.77339979999999,90.4700682,-80.5578948,21.76094484,25.82894664,-29.14637346
6.11,611,2.5839999999999996,0.022000000000000002,-3.9960000000000004,-148.5107136,59.98870260000001,-116.65424879999999,19.8243468,26.76859776,-30.09175416
6.12,612,1.702,-0.26,-3.9960000000000004,-196.00893180000003,4.5263682,-143.58327480000003,17.15436252,27.2441529,-31.58144496
6.13,613,1.311,-0.826,-3.9930000000000003,-178.8774876,-77.23473840000003,-123.4151532,14.62761774,26.825893560000004,-33.145620300000004
6.14,614,1.4040000000000001,-0.649,-3.205,-122.21194140000001,-109.9506402,-69.9581718,12.925932479999995,25.93207908,-34.217051760000004
6.15,615,1.055,-0.564,-2.6719999999999997,-110.23711920000001,-93.56404140000001,-42.2270046,11.52218538,25.10701956,-34.90460136
6.16,616,0.758,-0.379,-1.994,-82.2767688,-74.31265259999998,-40.8519054,10.43929476,24.45957702,-35.51766642
6.17,617,0.753,-0.10099999999999999,-1.6840000000000002,-73.85428619999998,-59.7595194,-40.5081306,9.47099574,23.94391482,-36.07343568
6.18,618,0.746,0.237,-1.2429999999999999,-85.8864042,-52.48295279999999,-32.830493399999995,8.422482599999999,23.474089260000003,-36.5260725
6.1899999999999995,619,0.909,0.40700000000000003,-0.855,-83.9956428,-35.7525792,-30.65325300000001,7.4198061,23.153232780000003,-36.90995436
6.2,620,1.064,0.364,-0.611,-58.6136034,-27.559279800000002,-30.3094782,6.65777196,22.9756158,-37.2709179
6.21,621,1.054,0.275,-0.4270000000000001,-47.8992888,-22.2880662,-35.8671708,6.01032942,22.78653966,-37.68344766
6.22,622,0.9309999999999999,0.228,-0.369,-48.5868384,-18.3919518,-31.9710564,5.38007562,22.63757058,-38.05014078
6.2299999999999995,623,0.723,0.147,-0.389,-51.33703679999999,-13.8082878,-20.05353,4.77274014,22.51151982,-38.27932398
6.24,624,0.5489999999999999,0.054000000000000006,-0.336,-54.25912260000001,-4.9847346,-8.479778399999999,4.1825934,22.459953600000002,-38.37099726
6.25,625,0.431,0.051,-0.38299999999999995,-56.264475600000004,3.3231564,1.0886202,3.6096354,22.51151982,-38.34807894
6.26,626,0.287,0.055,-0.47700000000000004,-54.8893764,14.32395,6.7609043999999985,3.0825140400000004,22.64330016,-38.25640566
6.27,627,0.16399999999999998,0.073,-0.595,-54.6601932,22.7464326,10.657018800000001,2.578311,22.85529462,-38.11889574
6.28,628,0.037000000000000005,0.11699999999999999,-0.624,-51.68081160000001,25.55392680000001,11.6310474,2.10848544,23.09593698,-37.96992666
6.29,629,-0.033,0.168,-0.677,-47.1544434,28.3041252,9.682990199999999,1.6787669399999998,23.36522724000001,-37.84387589999999
6.3,630,0.064,0.212,-0.7809999999999999,-43.0864416,30.3094782,7.3911582,1.23758928,23.62305834,-37.76366178
6.31,631,0.193,0.261,-0.8640000000000001,-38.8465524,24.637194,6.4744254,0.87089616,23.86370070000001,-37.67771808
6.32,632,0.295,0.33899999999999997,-0.9420000000000001,-36.7266078,20.2254174,4.3544808,0.52139178,24.05850642,-37.6146927
6.33,633,0.433,0.309,-0.9570000000000001,-31.79916900000001,11.8602306,6.0733548,0.22918320000000006,24.17309802,-37.54593774
6.34,634,0.47100000000000003,0.282,-0.98,-32.31483119999999,1.4896908000000002,9.740286,-0.05156622,24.1788276,-37.43134614
6.35,635,0.467,0.23600000000000002,-1.021,-31.3980984,-2.6929026,13.178034,-0.34950438,24.1501797,-37.2995658
6.36,636,0.45899999999999996,0.207,-1.041,-29.392745399999995,-11.0580894,17.4179232,-0.56722842,24.0355881,-37.11048966
6.37,637,0.478,0.18100000000000002,-1.042,-23.0902074,-23.204798999999998,22.0015872,-0.70473834,23.8064049,-36.8698473
6.38,638,0.4970000000000001,0.15,-1.018,-14.209358400000001,-33.3461556,26.069589,-0.73338624,23.47981884,-36.59482746
6.39,639,0.527,0.12,-0.992,-7.6203414,-37.1276784,29.8511118,-0.67609044,23.11312572,-36.27397098
6.4,640,0.532,0.111,-0.9740000000000001,-4.8128472,-38.67466500000001,32.658606,-0.6073354799999999,22.7464326,-35.93019618
6.41,641,0.528,0.12,-1.0170000000000001,-2.9793816000000004,-40.6227222,33.231564,-0.4984734599999999,22.345361999999998,-35.5806918
6.42,642,0.524,0.11,-0.9329999999999999,0.11459160000000004,-48.071176200000004,33.804522,-0.35523396,21.86980686,-35.23118742
6.43,643,0.461,0.077,-0.8759999999999999,5.9014674000000005,-53.9153478,31.856464799999998,-0.16615782,21.3426855,-34.90460136
6.4399999999999995,644,0.455,0.005,-0.893,9.5111028,-56.8947294,30.022999199999997,0.04010706,20.78118666,-34.60093362
6.45,645,0.491,-0.065,-0.89,10.599723,-59.53033620000001,30.080295,0.26929026,20.20822866,-34.29726588
6.46,646,0.52,-0.10099999999999999,-0.857,12.834259199999998,-62.8534926,31.340802600000004,0.5099326200000001,19.58943402,-33.98786856
6.47,647,0.535,-0.115,-0.904,16.272007199999994,-65.7755784,31.9710564,0.7906820400000001,18.9362619,-33.67847124
6.4799999999999995,648,0.535,-0.09699999999999999,-0.935,15.756345,-68.01011460000001,32.4867186,1.0599723,18.26017146,-33.3748035
6.49,649,0.547,-0.084,-0.94,15.469866,-68.0674104,32.085648000000006,1.3178034,17.57835144,-33.07113576
6.5,650,0.508,-0.07200000000000001,-0.927,15.011499599999999,-67.0933818,30.022999199999997,1.56417534,16.9309089,-32.79038634
6.51,651,0.47,-0.08900000000000001,-0.948,15.527161800000002,-62.7961968,26.5852512,1.7933585399999998,16.30638468,-32.55547356
6.52,652,0.46299999999999997,-0.11199999999999999,-0.9620000000000001,15.928232399999999,-58.78549079999999,23.3766864,2.02254174,15.71623794,-32.34920868
6.53,653,0.4370000000000001,-0.11599999999999999,-0.9109999999999999,15.011499599999999,-54.43101,20.05353,2.22880662,15.17765742,-32.183050859999994
6.54,654,0.474,-0.114,-0.9079999999999999,17.6471064,-46.2377106,16.902261,2.45226024,14.71356144,-32.04554094
6.55,655,0.552,-0.161,-0.9359999999999999,15.126091199999998,-37.872523799999996,13.178034,2.64706596,14.38697538,-31.91949018
6.56,656,0.607,-0.212,-0.9420000000000001,9.167328,-33.8618178,13.0634424,2.77311672,14.04893016,-31.81635774
6.57,657,0.474,-0.267,-1.0270000000000001,6.130650599999999,-28.5906042,11.917526400000002,2.86479,13.76245116,-31.7132253
6.58,658,0.332,-0.348,-1.151,0.4583664000000001,-32.544014399999995,12.5477802,2.89916748,13.43013552,-31.61009286
6.59,659,0.196,-0.414,-1.1340000000000001,-6.1879464,-39.820581,13.120738199999998,2.86479,13.0347945,-31.51269000000001
6.6,660,0.02,-0.396,-1.04,-10.4851314,-46.29500640000001,12.2040054,2.8361421,12.5191323,-31.426746299999998
6.61,661,-0.13699999999999998,-0.371,-0.9390000000000001,-2.291832,-41.252976000000004,7.333862400000001,2.82468294,12.10660254,-31.38663924
6.62,662,-0.21,-0.341,-0.8490000000000001,10.599723,-24.1215318,1.145916,2.93354496,11.87168976,-31.39236882
6.63,663,-0.231,-0.34,-0.823,17.246035799999998,-12.7196676,-6.9327918,3.0939732,11.75136858,-31.47831252
6.64,664,-0.204,-0.33,-0.925,16.8449652,-1.3750992,-17.0168526,3.2314831199999987,11.75136858,-31.65019992
6.65,665,-0.10800000000000001,-0.28600000000000003,-0.9990000000000001,14.7250206,7.5630456000000015,-27.903054600000004,3.35753388,11.78001648,-31.93667892
6.66,666,0.04,-0.259,-1.117,12.4331886,11.0007936,-37.4714532,3.4091001000000003,11.91179682,-32.30910162
6.67,667,0.205,-0.24,-1.129,7.1046792000000005,9.8548776,-43.7166954,3.38618178,12.03784758,-32.7445497
6.68,668,0.35200000000000004,-0.21100000000000002,-1.1079999999999999,1.6615782,22.2307704,-47.8992888,3.3059676599999994,12.2899491,-33.208645680000004
6.6899999999999995,669,0.45299999999999996,-0.16399999999999998,-1.081,2.1199446,28.3041252,-44.690723999999996,3.2314831199999987,12.59361684,-33.64409376
6.7,670,0.433,-0.091,-0.929,2.1772404,7.7922288,-34.1482968,3.1627281600000003,12.75977466,-33.96495024
6.71,671,0.311,-0.008,-0.772,9.167328,-16.7876694,-18.907614,3.214294380000001,12.61080558,-34.17121512000001
6.72,672,0.187,-0.032,-0.722,12.6623718,-25.152856200000002,-5.2712136,3.32888598,12.36443364,-34.25142924
6.7299999999999995,673,0.106,-0.06,-0.6990000000000001,6.8182002000000015,-38.61736920000001,7.0473834,3.4091001000000003,11.98055178,-34.21132218
6.74,674,0.009000000000000001,-0.13699999999999998,-0.7140000000000001,-0.057295800000000015,-53.858052,16.042824000000003,3.4377480000000005,11.44197126,-34.09673058
6.75,675,-0.063,-0.237,-0.763,-7.734933000000002,-61.191914399999995,20.912967000000002,3.43201842,10.78879914,-33.9477615
6.76,676,-0.10400000000000001,-0.33399999999999996,-0.805,-13.5791046,-59.35844880000001,21.829699800000004,3.32888598,10.18719324,-33.7758741
6.77,677,-0.11800000000000001,-0.439,-0.877,-17.589810600000003,-54.4883058,20.3973048,3.18564648,9.63715356,-33.61544586
6.78,678,-0.10099999999999999,-0.494,-0.941,-21.829699800000004,-45.893935799999994,15.6990492,2.99084076,9.17305758,-33.49512468
6.79,679,-0.013999999999999999,-0.4970000000000001,-0.924,-23.491278,-31.856464799999998,8.4224826,2.76738714,8.852201099999998,-33.432099300000004
6.8,680,0.013000000000000001,-0.467,-0.9390000000000001,-23.835052800000003,-33.116972399999995,3.0939732,2.6069589,8.48550798,-33.432099300000004
6.81,681,-0.026000000000000002,-0.369,-0.9359999999999999,-25.55392680000001,-26.356068,-2.291832,2.34339822,8.2219473,-33.472206359999994
6.82,682,0.019,-0.245,-0.932,-21.772404,-9.7975818,-6.589017,2.11421502,8.12454444,-33.54096132
6.83,683,0.08800000000000001,-0.17800000000000002,-0.9259999999999999,-19.0222056,-1.2032118,-7.1046792000000005,1.90795014,8.11308528,-33.60971628
6.84,684,0.11800000000000001,-0.102,-0.9440000000000001,-21.5432208,1.4896908000000002,-4.4690724,1.6844965200000002,8.13027402,-33.65555292
6.85,685,0.11599999999999999,-0.059000000000000004,-0.995,-20.1108258,6.130650599999999,-0.286479,1.48396122,8.17038108,-33.65555292
6.86,686,0.10300000000000001,-0.07200000000000001,-1.042,-16.1001198,8.4224826,2.9220858,1.32353298,8.250595200000001,-33.62117544
6.87,687,0.086,-0.092,-1.046,-13.8655836,5.3285094000000015,4.4690724,1.19175264,8.29643184,-33.575338800000004
6.88,688,0.07,-0.098,-1.032,-11.9748222,3.7815228,4.297185,1.07716104,8.3365389,-33.52377258
6.89,689,0.067,-0.085,-1.0070000000000001,-9.9694692,4.6409598,2.86479,0.97975818,8.376645960000001,-33.49512468
6.9,690,0.077,-0.062,-0.976,-7.8495246,5.9014674000000005,0.9740286,0.9167328,8.376645960000001,-33.49512468
6.91,691,0.09300000000000001,-0.039,-0.946,-5.6149884000000005,7.448453999999999,-1.2032118,0.8594370000000001,8.451130500000001,-33.50085426
6.92,692,0.11699999999999999,-0.037000000000000005,-0.929,-3.7815228,9.7975818,-3.8961144,0.8136003599999999,8.54853336,-33.54096132
6.93,693,0.142,-0.044000000000000004,-0.938,-2.6356068,12.5477802,-6.703608600000001,0.7734933,8.66885454,-33.59825712
6.9399999999999995,694,0.162,-0.047,-0.9590000000000001,-1.3750992,15.527161800000002,-8.078707799999998,0.7448454000000001,8.823553200000003,-33.67847124
6.95,695,0.196,-0.049,-0.981,-0.40107059999999994,17.0741484,-7.7922288,0.73338624,9.01835892,-33.74149662000001
6.96,696,0.23399999999999999,-0.046,-0.996,-0.6302538000000001,16.2147114,-6.0733548,0.7161975,9.17878716,-33.79879242
6.97,697,0.265,-0.043,-1.001,-1.3178034,13.521808800000002,-3.7242269999999995,0.69900876,9.31629708,-33.82744032
6.9799999999999995,698,0.281,-0.040999999999999995,-1.004,-2.2345362,9.5111028,-1.145916,0.6703608600000001,9.407970359999998,-33.833169899999994
6.99,699,0.284,-0.045,-1.003,-2.86479,5.844171599999999,1.4896908000000002,0.64171296,9.46526616,-33.81598116
7.0,700,0.281,-0.053,-1.001,-3.0366774,3.3231564,4.010706000000001,0.64171296,9.60277608,-33.74722620000001
7.01,701,0.275,-0.07,-1.0,-2.6929026,1.2605076000000002,6.0733548,0.62452422,9.61423524,-33.689930399999994
7.02,702,0.263,-0.08900000000000001,-0.996,-2.6356068,-0.286479,6.5317212,0.6073354799999999,9.60850566,-33.62117544
7.03,703,0.245,-0.106,-0.996,-2.5783110000000002,-0.2291832000000001,5.7868758000000025,0.59014674,9.60850566,-33.56387964
7.04,704,0.23199999999999998,-0.11699999999999999,-0.993,-2.291832,0.572958,4.0680017999999984,0.5729580000000001,9.61423524,-33.52377258
7.05,705,0.22399999999999998,-0.12,-0.978,-2.0626488000000003,1.4896908000000002,1.6615782,0.75630456,9.73455642,-33.46647678
7.06,706,0.225,-0.114,-0.9620000000000001,-2.3491277999999998,2.7501984,-0.7448454000000001,0.73338624,9.76320432,-33.472206359999994
7.07,707,0.23399999999999999,-0.095,-0.943,-2.5783110000000002,5.5576926,-2.86479,0.69900876,9.82050012,-33.50085426
7.08,708,0.252,-0.078,-0.938,-2.291832,8.193299399999999,-4.1252976000000015,0.6703608600000001,9.90071424,-33.53523174
7.09,709,0.251,-0.063,-0.929,-2.3491277999999998,7.0473834,-3.6669312000000014,0.63598338,9.969469199999999,-33.569609220000004
7.1,710,0.252,-0.053,-0.9159999999999999,-2.7501984,5.6722842,-1.9480572,0.62452422,10.12416786,-33.56387964
7.11,711,0.242,-0.06,-0.927,-2.1772404,5.844171599999999,0.1718874,0.6016058999999999,10.18146366,-33.56387964
7.12,712,0.233,-0.076,-0.941,-2.1199446,6.703608600000001,1.8907614,0.5844171599999999,10.25021862,-33.54096132
7.13,713,0.231,-0.09300000000000001,-0.95,-2.6929026,6.5317212,3.0366774,0.56149884,10.313244,-33.506583840000005
7.14,714,0.223,-0.107,-0.9620000000000001,-2.7501984,4.3544808,3.6096353999999997,0.53858052,10.35335106,-33.46647678
7.15,715,0.218,-0.122,-0.972,-2.3491277999999998,2.1199446,3.6096353999999997,0.66463128,10.41637644,-33.40918098
7.16,716,0.212,-0.136,-0.975,-2.0053530000000004,1.0886202,3.0366774,0.64744254,10.4278356,-33.3748035
7.17,717,0.2,-0.14800000000000002,-0.982,-1.3178034,0.5156622000000001,1.9480572,0.64171296,10.4278356,-33.357614760000004
7.18,718,0.19,-0.16,-0.995,-0.2291832000000001,-0.1718874,0.9167328000000001,0.63598338,10.4278356,-33.3461556
7.1899999999999995,719,0.18600000000000005,-0.16699999999999998,-0.9990000000000001,0.40107059999999994,-0.9740286,-0.057295800000000015,0.64171296,10.41637644,-33.3461556
7.2,720,0.188,-0.168,-0.997,0.4583664000000001,-1.4896908000000002,-0.8594370000000001,1.00840608,10.38199896,-33.33469644
7.21,721,0.193,-0.163,-0.992,0.5156622000000001,-2.2345362,-1.4896908000000002,1.01413566,10.35908064,-33.35188518
7.22,722,0.19899999999999998,-0.157,-0.9840000000000001,0.8021411999999999,-3.2658606,-1.6615782,1.01986524,10.33043274,-33.36907392
7.2299999999999995,723,0.201,-0.153,-0.972,1.2032118,-4.4690724,-1.5469866,1.0313244000000001,10.2845961,-33.39199224
7.24,724,0.196,-0.15,-0.961,1.2605076000000002,-4.8701430000000006,-1.3750992,1.03705398,10.23875946,-33.403451399999994
7.25,725,0.18600000000000005,-0.147,-0.9520000000000001,1.2032118,-5.2139178,-1.145916,1.2032117999999998,10.18146366,-33.40918098
7.26,726,0.17800000000000002,-0.142,-0.9359999999999999,0.1718874,-5.3285094000000015,-1.0886202,1.2032117999999998,10.12989744,-33.42064014
7.27,727,0.17300000000000001,-0.135,-0.934,-0.4583664000000001,-4.9274388,-1.145916,1.19748222,10.084060800000001,-33.43782888
7.28,728,0.16699999999999998,-0.128,-0.945,-0.40107059999999994,-4.297185,-1.3750992,1.19175264,10.03822416,-33.45501762
7.29,729,0.163,-0.122,-0.955,-0.2291832000000001,-3.7242269999999995,-1.6042823999999998,1.18602306,10.00384668,-33.472206359999994
7.3,730,0.163,-0.114,-0.9640000000000001,-0.286479,-3.2085647999999996,-1.8907614,1.32926256,9.92936214,-33.49512468
7.31,731,0.162,-0.107,-0.975,-0.11459160000000004,-2.6356068,-2.0053530000000004,1.32353298,9.90071424,-33.512313420000005
7.32,732,0.162,-0.102,-0.983,0.057295800000000015,-2.4064236,-2.1772404,1.32353298,9.87779592,-33.54096132
7.33,733,0.16399999999999998,-0.102,-0.985,0.057295800000000015,-2.5210152000000003,-2.1199446,1.3178034,9.8548776,-33.56387964
7.34,734,0.168,-0.10300000000000001,-0.983,-0.3437748,-2.4064236,-1.9480572,1.31207382,9.83195928,-33.58106838
7.35,735,0.171,-0.10300000000000001,-0.9790000000000001,-0.6875496,-2.1772404,-1.7761698000000001,1.44385416,9.78612264,-33.59825712
7.36,736,0.17300000000000001,-0.1,-0.975,-0.572958,-2.0053530000000004,-1.6042823999999998,1.432395,9.76320432,-33.61544586
7.37,737,0.174,-0.096,-0.9740000000000001,-0.40107059999999994,-1.4896908000000002,-1.3750992,1.42666542,9.75174516,-33.6326346
7.38,738,0.175,-0.091,-0.976,0.11459160000000004,-1.0313244000000001,-1.2032118,1.42666542,9.740286,-33.64409376
7.39,739,0.17600000000000002,-0.087,-0.978,0.40107059999999994,-0.6302538000000001,-0.9167328000000001,1.42666542,9.73455642,-33.65555292
7.4,740,0.175,-0.087,-0.9740000000000001,0.4583664000000001,-0.40107059999999994,-0.572958,1.78762896,9.70590852,-33.64409376
7.41,741,0.172,-0.09,-0.97,0.11459160000000004,-0.5156622000000001,0.0,1.78762896,9.70017894,-33.64409376
7.42,742,0.168,-0.095,-0.966,-0.1718874,-0.3437748,0.4583664000000001,1.78762896,9.69444936,-33.63836418
7.43,743,0.16899999999999998,-0.1,-0.9640000000000001,-0.5156622000000001,-0.057295800000000015,0.8021411999999999,1.78189938,9.69444936,-33.6326346
7.4399999999999995,744,0.17300000000000001,-0.10300000000000001,-0.963,-0.6302538000000001,0.1718874,1.0886202,1.78189938,9.70017894,-33.62117544
7.45,745,0.17800000000000002,-0.107,-0.968,-0.6875496,0.8021411999999999,1.0886202,1.9595163600000003,9.71736768,-33.592527540000006
7.46,746,0.183,-0.11199999999999999,-0.971,-0.4583664000000001,1.145916,1.0886202,1.9595163600000003,9.72882684,-33.58106838
7.47,747,0.18600000000000005,-0.11699999999999999,-0.971,-0.3437748,1.2032118,0.9740286,1.95378678,9.740286,-33.569609220000004
7.4799999999999995,748,0.183,-0.126,-0.97,-0.3437748,0.9740286,0.8021411999999999,1.95378678,9.746015580000002,-33.56387964
7.49,749,0.179,-0.135,-0.965,-0.6302538000000001,0.9167328000000001,0.5156622000000001,1.9480572000000005,9.75747474,-33.55815006
7.5,750,0.179,-0.138,-0.9620000000000001,-0.8021411999999999,0.9167328000000001,0.5156622000000001,2.25172494,9.78039306,-33.52377258
7.51,751,0.182,-0.13699999999999998,-0.9620000000000001,-0.9740286,1.145916,0.4583664000000001,2.24599536,9.79185222,-33.518043
7.52,752,0.188,-0.135,-0.963,-0.9740286,1.432395,0.4583664000000001,2.2345362,9.80331138,-33.512313420000005
7.53,753,0.19399999999999998,-0.13,-0.9670000000000001,-1.145916,1.4896908000000002,0.40107059999999994,2.22307704,9.82050012,-33.506583840000005
7.54,754,0.195,-0.125,-0.971,-0.9740286,1.145916,0.40107059999999994,2.21734746,9.83195928,-33.506583840000005
7.55,755,0.192,-0.125,-0.97,-0.572958,0.8021411999999999,0.2291832000000001,2.56685184,9.9121734,-33.4607472
7.56,756,0.18899999999999997,-0.125,-0.966,-0.3437748,0.6875496,0.1718874,2.56685184,9.91790298,-33.4607472
7.57,757,0.187,-0.127,-0.9670000000000001,-0.4583664000000001,0.7448454000000001,0.057295800000000015,2.5611222600000003,9.92936214,-33.45501762
7.58,758,0.191,-0.127,-0.968,-0.6875496,0.9167328000000001,0.0,2.5496631,9.93509172,-33.45501762
7.59,759,0.196,-0.122,-0.97,-0.8594370000000001,0.8021411999999999,0.11459160000000004,2.54393352,9.94655088,-33.45501762
7.6,760,0.19899999999999998,-0.11900000000000001,-0.9690000000000001,-0.8021411999999999,0.5156622000000001,0.11459160000000004,2.84187168,10.06687206,-33.40918098
7.61,761,0.2,-0.11699999999999999,-0.9690000000000001,-0.6875496,0.40107059999999994,0.1718874,2.8361421,10.06687206,-33.403451399999994
7.62,762,0.195,-0.11599999999999999,-0.968,-0.5156622000000001,0.2291832000000001,0.11459160000000004,2.83041252,10.07260164,-33.403451399999994
7.63,763,0.18899999999999997,-0.11599999999999999,-0.9670000000000001,-0.3437748,0.286479,0.1718874,2.82468294,10.07260164,-33.403451399999994
7.64,764,0.187,-0.114,-0.9690000000000001,-0.286479,0.5156622000000001,0.057295800000000015,2.82468294,10.07833122,-33.39772182
7.65,765,0.18899999999999997,-0.11199999999999999,-0.97,-0.286479,0.6302538000000001,0.057295800000000015,3.12835068,10.1413566,-33.363344340000005
7.66,766,0.19,-0.111,-0.9690000000000001,-0.286479,0.4583664000000001,0.1718874,3.1226211000000004,10.14708618,-33.363344340000005
7.67,767,0.188,-0.111,-0.968,-0.286479,0.3437748,0.1718874,3.1226211000000004,10.14708618,-33.357614760000004
7.68,768,0.188,-0.113,-0.968,-0.3437748,0.2291832000000001,0.1718874,3.11689152,10.15281576,-33.357614760000004
7.6899999999999995,769,0.18899999999999997,-0.114,-0.968,-0.3437748,0.057295800000000015,0.2291832000000001,3.11689152,10.15281576,-33.35188518
7.7,770,0.19,-0.114,-0.9690000000000001,-0.40107059999999994,0.057295800000000015,0.1718874,3.6096354,10.22157072,-33.30031896000001
7.71,771,0.188,-0.11599999999999999,-0.9670000000000001,-0.40107059999999994,0.0,0.057295800000000015,3.60390582,10.22157072,-33.30031896000001
7.72,772,0.187,-0.11800000000000001,-0.9690000000000001,-0.3437748,-0.057295800000000015,0.0,3.59817624,10.22157072,-33.30031896000001
7.7299999999999995,773,0.18600000000000005,-0.121,-0.968,-0.286479,-0.1718874,0.0,3.59817624,10.22157072,-33.30031896000001
7.74,774,0.184,-0.121,-0.9670000000000001,-0.3437748,-0.3437748,-0.057295800000000015,3.59244666,10.215841139999998,-33.30031896000001
7.75,775,0.185,-0.122,-0.9670000000000001,-0.286479,-0.40107059999999994,0.0,3.9190327200000006,10.22157072,-33.27167106
7.76,776,0.18600000000000005,-0.122,-0.965,-0.40107059999999994,-0.4583664000000001,0.057295800000000015,3.9190327200000006,10.215841139999998,-33.27167106
7.77,777,0.187,-0.11900000000000001,-0.9670000000000001,-0.3437748,-0.6302538000000001,0.057295800000000015,3.91330314,10.21011156,-33.27167106
7.78,778,0.185,-0.11900000000000001,-0.9690000000000001,-0.286479,-0.572958,0.0,3.91330314,10.20438198,-33.27167106
7.79,779,0.184,-0.121,-0.9690000000000001,-0.11459160000000004,-0.4583664000000001,-0.057295800000000015,3.90757356,10.1986524,-33.27167106
7.8,780,0.183,-0.124,-0.9670000000000001,-0.1718874,-0.3437748,-0.11459160000000004,4.211241299999998,10.17573408,-33.25448232
7.81,781,0.18100000000000002,-0.124,-0.9690000000000001,-0.2291832000000001,-0.1718874,-0.1718874,4.20551172,10.17573408,-33.25448232
7.82,782,0.182,-0.126,-0.9670000000000001,-0.286479,-0.1718874,-0.2291832000000001,4.20551172,10.17573408,-33.260211899999995
7.83,783,0.185,-0.124,-0.9670000000000001,-0.4583664000000001,-0.2291832000000001,-0.1718874,4.19978214,10.1700045,-33.260211899999995
7.84,784,0.187,-0.124,-0.968,-0.572958,-0.3437748,-0.1718874,4.19405256,10.1700045,-33.265941479999995
7.85,785,0.187,-0.12300000000000001,-0.9670000000000001,-0.40107059999999994,-0.286479,-0.057295800000000015,4.40604702,10.18719324,-33.24302315999999
7.86,786,0.187,-0.124,-0.9690000000000001,-0.40107059999999994,-0.057295800000000015,0.0,4.40031744,10.18719324,-33.24302315999999
7.87,787,0.188,-0.12300000000000001,-0.965,-0.6302538000000001,-0.11459160000000004,0.0,4.39458786,10.18719324,-33.24302315999999
7.88,788,0.187,-0.121,-0.9590000000000001,-1.0313244000000001,-0.3437748,0.0,4.3831287,10.18146366,-33.24302315999999
7.89,789,0.184,-0.12,-0.961,-0.8021411999999999,-0.286479,0.057295800000000015,4.37739912,10.18146366,-33.24302315999999
7.9,790,0.184,-0.122,-0.965,-0.7448454000000001,-0.057295800000000015,0.057295800000000015,4.51490904,10.18719324,-33.231564
7.91,791,0.182,-0.121,-0.9690000000000001,-0.9167328000000001,0.0,0.11459160000000004,4.50344988,10.18719324,-33.231564
7.92,792,0.183,-0.12,-0.968,-0.9167328000000001,0.1718874,0.0,4.49199072,10.18719324,-33.22583442
7.93,793,0.184,-0.12,-0.968,-0.7448454000000001,0.286479,0.0,4.48626114,10.18719324,-33.22583442
7.94,794,0.18600000000000005,-0.12,-0.9690000000000001,-0.572958,0.057295800000000015,0.0,4.48053156,10.19292282,-33.22583442
7.95,795,0.185,-0.11900000000000001,-0.971,-0.40107059999999994,-0.2291832000000001,0.0,4.6008527400000006,10.19292282,-33.21437526
7.96,796,0.184,-0.11900000000000001,-0.97,-0.40107059999999994,-0.4583664000000001,0.0,4.6008527400000006,10.18719324,-33.22010484
7.97,797,0.18100000000000002,-0.11900000000000001,-0.9690000000000001,-0.3437748,-0.572958,0.057295800000000015,4.59512316,10.18146366,-33.22010484
7.9799999999999995,798,0.177,-0.12,-0.9690000000000001,-0.286479,-0.286479,0.057295800000000015,4.58939358,10.18146366,-33.21437526
7.99,799,0.17800000000000002,-0.121,-0.9670000000000001,0.057295800000000015,0.11459160000000004,0.0,4.59512316,10.18146366,-33.21437526
8.0,800,0.18,-0.12,-0.9670000000000001,0.11459160000000004,0.3437748,0.0,4.76701056,10.1700045,-33.2029161
8.01,801,0.184,-0.121,-0.9690000000000001,0.0,0.572958,-0.1718874,4.76701056,10.17573408,-33.2029161
8.02,802,0.187,-0.122,-0.971,0.0,0.5156622000000001,-0.11459160000000004,4.76701056,10.18146366,-33.208645680000004
8.03,803,0.18899999999999997,-0.122,-0.972,-0.057295800000000015,0.4583664000000001,-0.11459160000000004,4.76701056,10.18719324,-33.208645680000004
8.04,804,0.188,-0.12300000000000001,-0.9690000000000001,-0.11459160000000004,0.286479,-0.1718874,4.76701056,10.18719324,-33.208645680000004
8.05,805,0.18600000000000005,-0.124,-0.966,-0.11459160000000004,0.286479,-0.11459160000000004,4.96181628,10.20438198,-33.19145694
8.06,806,0.18600000000000005,-0.124,-0.968,-0.057295800000000015,0.4583664000000001,-0.11459160000000004,4.9560867,10.20438198,-33.19145694
8.07,807,0.18600000000000005,-0.125,-0.9670000000000001,-0.11459160000000004,0.4583664000000001,-0.057295800000000015,4.9560867,10.21011156,-33.19145694
8.08,808,0.188,-0.12300000000000001,-0.9670000000000001,-0.286479,0.4583664000000001,0.0,4.9560867,10.215841139999998,-33.19145694
8.09,809,0.19,-0.124,-0.9670000000000001,-0.11459160000000004,0.286479,0.0,4.95035712,10.22157072,-33.19145694
8.1,810,0.192,-0.124,-0.968,0.057295800000000015,0.11459160000000004,0.057295800000000015,5.25975444,10.34762148,-33.145620300000004
8.11,811,0.192,-0.128,-0.9670000000000001,0.0,-0.11459160000000004,0.057295800000000015,5.25975444,10.34762148,-33.145620300000004
8.12,812,0.191,-0.129,-0.966,-0.1718874,-0.3437748,0.1718874,5.25975444,10.3418919,-33.145620300000004
8.13,813,0.19,-0.129,-0.966,-0.1718874,-0.286479,0.1718874,5.25402486,10.3418919,-33.13989072
8.14,814,0.18899999999999997,-0.127,-0.9670000000000001,-0.2291832000000001,-0.057295800000000015,0.1718874,5.25402486,10.3418919,-33.13989072
8.15,815,0.18899999999999997,-0.125,-0.9670000000000001,-0.11459160000000004,-0.1718874,0.11459160000000004,5.35142772,10.35335106,-33.12843156
8.16,816,0.185,-0.125,-0.9690000000000001,0.0,-0.286479,0.0,5.35142772,10.34762148,-33.12843156
8.17,817,0.183,-0.125,-0.9690000000000001,0.0,-0.286479,0.0,5.35142772,10.34762148,-33.12843156
8.18,818,0.184,-0.124,-0.97,-0.11459160000000004,-0.3437748,0.0,5.3456981400000005,10.3418919,-33.12843156
8.19,819,0.184,-0.124,-0.97,-0.1718874,-0.286479,0.0,5.3456981400000005,10.3418919,-33.12843156
8.2,820,0.18600000000000005,-0.12300000000000001,-0.972,-0.11459160000000004,-0.1718874,0.0,5.443101,10.33616232,-33.1169724
8.209999999999999,821,0.18600000000000005,-0.12300000000000001,-0.972,-0.057295800000000015,-0.2291832000000001,0.057295800000000015,5.443101,10.33043274,-33.1169724
8.22,822,0.184,-0.122,-0.976,0.0,-0.40107059999999994,0.11459160000000004,5.443101,10.32470316,-33.1169724
8.23,823,0.182,-0.12300000000000001,-0.976,0.0,-0.40107059999999994,0.057295800000000015,5.443101,10.32470316,-33.1169724
8.24,824,0.18100000000000002,-0.12300000000000001,-0.9740000000000001,-0.11459160000000004,-0.40107059999999994,0.057295800000000015,5.443101,10.31897358,-33.1169724
8.25,825,0.179,-0.12300000000000001,-0.9740000000000001,-0.11459160000000004,-0.40107059999999994,0.057295800000000015,5.48320806,10.27313694,-33.1169724
8.26,826,0.17800000000000002,-0.122,-0.973,-0.11459160000000004,-0.40107059999999994,0.057295800000000015,5.48320806,10.26740736,-33.1169724
8.27,827,0.18100000000000002,-0.12300000000000001,-0.97,-0.11459160000000004,-0.4583664000000001,0.057295800000000015,5.48320806,10.26167778,-33.1169724
8.28,828,0.184,-0.121,-0.97,-0.2291832000000001,-0.5156622000000001,0.1718874,5.47747848,10.255948199999999,-33.1169724
8.29,829,0.184,-0.122,-0.9690000000000001,-0.2291832000000001,-0.40107059999999994,0.286479,5.47747848,10.25021862,-33.11124282
8.3,830,0.185,-0.12300000000000001,-0.97,-0.286479,-0.3437748,0.3437748,5.4946672199999975,10.25021862,-33.10551324
8.31,831,0.184,-0.121,-0.97,-0.3437748,-0.286479,0.3437748,5.48893764,10.25021862,-33.10551324
8.32,832,0.182,-0.121,-0.97,-0.286479,-0.286479,0.3437748,5.48893764,10.24448904,-33.09978366
8.33,833,0.17800000000000002,-0.121,-0.968,-0.1718874,-0.286479,0.286479,5.48893764,10.23875946,-33.09978366
8.34,834,0.17600000000000002,-0.122,-0.966,-0.286479,-0.11459160000000004,0.1718874,5.48320806,10.23875946,-33.09978366
8.35,835,0.17600000000000002,-0.12300000000000001,-0.963,-0.3437748,-0.057295800000000015,0.11459160000000004,5.5290447,10.20438198,-33.09405408
8.36,836,0.182,-0.126,-0.963,-0.3437748,0.11459160000000004,0.1718874,5.5290447,10.20438198,-33.09405408
8.37,837,0.184,-0.125,-0.9640000000000001,-0.286479,0.1718874,0.3437748,5.52331512,10.21011156,-33.08832450000001
8.38,838,0.185,-0.12300000000000001,-0.968,-0.11459160000000004,0.11459160000000004,0.3437748,5.52331512,10.21011156,-33.082594920000005
8.39,839,0.184,-0.124,-0.971,-0.11459160000000004,0.1718874,0.2291832000000001,5.52331512,10.21011156,-33.082594920000005
8.4,840,0.18100000000000002,-0.127,-0.972,0.0,0.286479,0.11459160000000004,5.5863404999999995,10.18719324,-33.07686534
8.41,841,0.182,-0.128,-0.9690000000000001,-0.057295800000000015,0.3437748,0.0,5.5863404999999995,10.19292282,-33.07686534
8.42,842,0.18100000000000002,-0.129,-0.966,-0.1718874,0.1718874,0.0,5.58061092,10.19292282,-33.07686534
8.43,843,0.182,-0.13,-0.966,-0.1718874,0.286479,-0.057295800000000015,5.58061092,10.1986524,-33.07686534
8.44,844,0.184,-0.129,-0.9670000000000001,-0.1718874,0.40107059999999994,-0.057295800000000015,5.58061092,10.20438198,-33.07686534
8.45,845,0.184,-0.127,-0.968,-0.286479,0.286479,-0.11459160000000004,5.62644756,10.21011156,-33.07113576
8.459999999999999,846,0.184,-0.126,-0.968,-0.286479,-0.11459160000000004,-0.11459160000000004,5.62071798,10.21011156,-33.07113576
8.47,847,0.184,-0.126,-0.9690000000000001,-0.11459160000000004,-0.057295800000000015,-0.057295800000000015,5.62071798,10.20438198,-33.07686534
8.48,848,0.183,-0.125,-0.97,-0.057295800000000015,0.11459160000000004,-0.11459160000000004,5.6149884000000005,10.21011156,-33.07686534
8.49,849,0.185,-0.125,-0.965,-0.3437748,0.057295800000000015,0.0,5.6149884000000005,10.21011156,-33.07686534
8.5,850,0.187,-0.124,-0.9590000000000001,-0.7448454000000001,-0.057295800000000015,-0.057295800000000015,5.62644756,10.22157072,-33.07113576
8.51,851,0.18600000000000005,-0.12300000000000001,-0.96,-0.6875496,-0.057295800000000015,0.057295800000000015,5.6149884000000005,10.22157072,-33.07113576
8.52,852,0.187,-0.122,-0.963,-0.6302538000000001,0.057295800000000015,0.057295800000000015,5.60925882,10.22157072,-33.07113576
8.53,853,0.188,-0.122,-0.9670000000000001,-0.6875496,0.0,0.11459160000000004,5.6035292399999985,10.22157072,-33.07113576
8.54,854,0.185,-0.121,-0.971,-0.6302538000000001,-0.1718874,0.057295800000000015,5.59779966,10.22157072,-33.07113576
8.55,855,0.182,-0.12300000000000001,-0.972,-0.40107059999999994,0.0,-0.057295800000000015,5.62071798,10.1986524,-33.07113576
8.56,856,0.18100000000000002,-0.124,-0.973,-0.286479,-0.057295800000000015,-0.11459160000000004,5.62071798,10.19292282,-33.07113576
8.57,857,0.183,-0.126,-0.97,-0.1718874,-0.11459160000000004,-0.11459160000000004,5.6149884000000005,10.19292282,-33.07113576
8.58,858,0.18100000000000002,-0.125,-0.9690000000000001,-0.11459160000000004,-0.3437748,-0.1718874,5.6149884000000005,10.19292282,-33.07686534
8.59,859,0.179,-0.124,-0.971,-0.1718874,-0.2291832000000001,-0.1718874,5.60925882,10.18719324,-33.07686534
8.6,860,0.18,-0.12300000000000001,-0.972,-0.1718874,-0.2291832000000001,-0.057295800000000015,5.63790672,10.15854534,-33.07686534
8.61,861,0.18100000000000002,-0.12300000000000001,-0.972,0.0,-0.1718874,-0.1718874,5.63790672,10.15854534,-33.082594920000005
8.62,862,0.18100000000000002,-0.121,-0.968,-0.057295800000000015,0.0,-0.286479,5.63790672,10.15854534,-33.082594920000005
8.63,863,0.18,-0.122,-0.968,-0.2291832000000001,0.11459160000000004,-0.286479,5.63217714,10.15854534,-33.08832450000001
8.64,864,0.18100000000000002,-0.122,-0.9670000000000001,-0.40107059999999994,0.11459160000000004,-0.3437748,5.62644756,10.15854534,-33.08832450000001
8.65,865,0.182,-0.121,-0.966,-0.4583664000000001,0.11459160000000004,-0.2291832000000001,5.63790672,10.15854534,-33.09405408
8.66,866,0.182,-0.122,-0.9670000000000001,-0.40107059999999994,0.057295800000000015,-0.1718874,5.63217714,10.15854534,-33.09405408
8.67,867,0.183,-0.121,-0.9670000000000001,-0.40107059999999994,0.2291832000000001,-0.11459160000000004,5.62644756,10.15854534,-33.09405408
8.68,868,0.183,-0.122,-0.9670000000000001,-0.4583664000000001,0.1718874,-0.057295800000000015,5.62071798,10.16427492,-33.09405408
8.69,869,0.182,-0.12300000000000001,-0.9670000000000001,-0.40107059999999994,0.2291832000000001,-0.057295800000000015,5.6149884000000005,10.16427492,-33.09405408
8.7,870,0.18100000000000002,-0.125,-0.965,-0.3437748,0.1718874,-0.057295800000000015,5.65509546,10.15854534,-33.09405408
8.71,871,0.18100000000000002,-0.127,-0.965,-0.1718874,-0.057295800000000015,0.0,5.65509546,10.15854534,-33.09405408
8.72,872,0.18,-0.127,-0.966,-0.1718874,0.0,0.057295800000000015,5.65509546,10.15854534,-33.09405408
8.73,873,0.18,-0.127,-0.9690000000000001,-0.1718874,0.1718874,0.0,5.64936588,10.15854534,-33.09405408
8.74,874,0.18100000000000002,-0.126,-0.97,-0.1718874,0.0,0.0,5.64936588,10.15854534,-33.09405408
8.75,875,0.18100000000000002,-0.124,-0.968,-0.1718874,-0.2291832000000001,0.0,5.6722842,10.1413566,-33.08832450000001
8.76,876,0.179,-0.127,-0.966,-0.11459160000000004,-0.2291832000000001,0.0,5.6722842,10.13562702,-33.09405408
8.77,877,0.175,-0.126,-0.966,-0.2291832000000001,0.057295800000000015,-0.057295800000000015,5.6722842,10.13562702,-33.09405408
8.78,878,0.175,-0.126,-0.965,-0.286479,0.1718874,-0.1718874,5.66655462,10.1413566,-33.09405408
8.79,879,0.17800000000000002,-0.122,-0.965,-0.40107059999999994,0.3437748,-0.11459160000000004,5.66082504,10.1413566,-33.09405408
8.8,880,0.182,-0.12,-0.9670000000000001,-0.286479,0.3437748,-0.2291832000000001,5.66082504,10.14708618,-33.09405408
8.81,881,0.184,-0.11900000000000001,-0.968,-0.11459160000000004,0.3437748,-0.1718874,5.66082504,10.15281576,-33.09978366
8.82,882,0.182,-0.11900000000000001,-0.97,0.0,0.286479,-0.11459160000000004,5.66082504,10.15281576,-33.09978366
8.83,883,0.18100000000000002,-0.12,-0.972,0.057295800000000015,0.3437748,0.0,5.66082504,10.15854534,-33.09978366
8.84,884,0.18,-0.121,-0.9690000000000001,0.057295800000000015,0.286479,-0.057295800000000015,5.66082504,10.15854534,-33.09978366
8.85,885,0.18100000000000002,-0.121,-0.9670000000000001,0.0,0.11459160000000004,0.0,5.67801378,10.15854534,-33.09978366
8.86,886,0.182,-0.121,-0.968,0.057295800000000015,0.0,0.057295800000000015,5.6837433599999985,10.15854534,-33.09978366
8.87,887,0.183,-0.122,-0.966,0.057295800000000015,0.057295800000000015,0.11459160000000004,5.6837433599999985,10.15854534,-33.09405408
8.88,888,0.183,-0.121,-0.966,0.057295800000000015,0.1718874,0.057295800000000015,5.6837433599999985,10.15854534,-33.09405408
8.89,889,0.184,-0.121,-0.966,0.057295800000000015,0.2291832000000001,0.057295800000000015,5.6837433599999985,10.16427492,-33.09405408
8.9,890,0.183,-0.122,-0.9670000000000001,0.11459160000000004,0.286479,0.057295800000000015,5.7009320999999975,10.1700045,-33.08832450000001
8.91,891,0.183,-0.121,-0.968,0.057295800000000015,0.11459160000000004,0.11459160000000004,5.70666168,10.1700045,-33.08832450000001
8.92,892,0.182,-0.12,-0.968,0.057295800000000015,0.0,0.11459160000000004,5.70666168,10.1700045,-33.08832450000001
8.93,893,0.182,-0.12,-0.9690000000000001,0.0,0.0,0.057295800000000015,5.70666168,10.1700045,-33.08832450000001
8.94,894,0.182,-0.11900000000000001,-0.968,0.0,-0.057295800000000015,0.11459160000000004,5.70666168,10.1700045,-33.082594920000005
8.95,895,0.18,-0.122,-0.9670000000000001,0.057295800000000015,-0.057295800000000015,0.11459160000000004,5.72385042,10.12989744,-33.082594920000005
8.96,896,0.18,-0.124,-0.9670000000000001,0.0,0.11459160000000004,0.057295800000000015,5.72385042,10.13562702,-33.082594920000005
8.97,897,0.18,-0.125,-0.9670000000000001,-0.057295800000000015,0.1718874,0.0,5.72385042,10.13562702,-33.082594920000005
8.98,898,0.182,-0.125,-0.9670000000000001,-0.11459160000000004,0.057295800000000015,-0.057295800000000015,5.72385042,10.13562702,-33.082594920000005
8.99,899,0.18100000000000002,-0.124,-0.9690000000000001,-0.11459160000000004,-0.057295800000000015,-0.057295800000000015,5.71812084,10.13562702,-33.08832450000001
9.0,900,0.18,-0.124,-0.9690000000000001,0.0,0.0,-0.11459160000000004,5.735309579999999,10.10697912,-33.08832450000001
9.01,901,0.17800000000000002,-0.12300000000000001,-0.9690000000000001,0.11459160000000004,0.11459160000000004,-0.1718874,5.74103916,10.10697912,-33.08832450000001
9.02,902,0.179,-0.122,-0.9690000000000001,0.11459160000000004,0.2291832000000001,-0.286479,5.74103916,10.1127087,-33.09405408
9.03,903,0.17800000000000002,-0.121,-0.9690000000000001,0.057295800000000015,0.286479,-0.286479,5.74103916,10.11843828,-33.09405408
9.04,904,0.17800000000000002,-0.11900000000000001,-0.97,0.286479,0.1718874,-0.3437748,5.74103916,10.11843828,-33.09978366
9.05,905,0.17800000000000002,-0.11900000000000001,-0.97,0.2291832000000001,0.2291832000000001,-0.40107059999999994,5.74103916,10.10697912,-33.09978366
9.06,906,0.177,-0.11900000000000001,-0.968,0.286479,0.1718874,-0.286479,5.74103916,10.1127087,-33.10551324
9.07,907,0.17600000000000002,-0.121,-0.9670000000000001,0.057295800000000015,0.057295800000000015,-0.286479,5.74103916,10.1127087,-33.11124282
9.08,908,0.17800000000000002,-0.12300000000000001,-0.965,0.0,0.0,-0.1718874,5.74103916,10.1127087,-33.11124282
9.09,909,0.18100000000000002,-0.122,-0.965,0.0,0.057295800000000015,-0.057295800000000015,5.74103916,10.1127087,-33.11124282
9.1,910,0.187,-0.12,-0.966,-0.057295800000000015,0.1718874,0.0,5.72958,10.16427492,-33.11124282
9.11,911,0.187,-0.11699999999999999,-0.9620000000000001,-0.1718874,-0.11459160000000004,0.11459160000000004,5.72385042,10.16427492,-33.11124282
9.12,912,0.184,-0.11699999999999999,-0.9570000000000001,-0.3437748,-0.2291832000000001,0.1718874,5.72385042,10.15854534,-33.10551324
9.13,913,0.179,-0.11800000000000001,-0.958,-0.11459160000000004,0.0,0.1718874,5.71812084,10.15854534,-33.10551324
9.14,914,0.177,-0.12,-0.963,-0.057295800000000015,0.1718874,0.1718874,5.71812084,10.15854534,-33.09978366
9.15,915,0.17800000000000002,-0.11800000000000001,-0.966,-0.1718874,0.286479,0.11459160000000004,5.71239126,10.15281576,-33.09978366
9.16,916,0.18,-0.11900000000000001,-0.9690000000000001,-0.057295800000000015,0.4583664000000001,0.0,5.71239126,10.15854534,-33.09978366
9.17,917,0.18,-0.121,-0.97,0.286479,0.1718874,0.0,5.71239126,10.15854534,-33.09978366
9.18,918,0.179,-0.12300000000000001,-0.97,0.3437748,0.0,-0.057295800000000015,5.71812084,10.15854534,-33.09978366
9.19,919,0.17800000000000002,-0.12300000000000001,-0.971,0.286479,0.11459160000000004,-0.057295800000000015,5.72385042,10.15854534,-33.10551324
9.2,920,0.17800000000000002,-0.124,-0.968,0.11459160000000004,0.0,-0.057295800000000015,5.7868758,10.08979038,-33.09978366
